15:33:29 3129 1524 3297 -1 -1
15:33:30 3121 1524 3293 -1 -1
15:33:31 3121 1506 3293 -1 -1
15:33:32 3117 1517 3293 -1 -1
15:33:33 3117 1517 3293 -1 -1
15:33:34 3114 1528 3297 -1 -1
15:33:35 3114 1524 3293 -1 -1
15:33:36 3099 1528 3293 -1 -1
15:33:37 3102 1524 3297 -1 -1
15:33:38 3091 1521 3297 -1 -1
15:33:39 3095 1524 3297 -1 -1
15:33:40 3087 1521 3297 -1 -1
15:33:41 3087 1517 3301 -1 -1
15:33:42 3087 1528 3297 -1 -1
15:33:43 3087 1532 3293 -1 -1
15:33:44 3084 1524 3297 -1 -1
15:33:45 3073 1532 3297 -1 -1
15:33:46 3076 1528 3297 -1 -1
15:33:47 3080 1528 3297 -1 -1
15:33:48 3061 1528 3297 -1 -1
15:33:49 3058 1532 3297 -1 -1
15:33:50 3058 1532 3293 -1 -1
15:33:51 3058 1532 3297 -1 -1
15:33:52 3058 1532 3297 -1 -1
15:33:53 3058 1532 3297 -1 -1
15:33:54 3058 1528 3297 -1 -1
15:33:55 3054 1536 3301 -1 -1
15:33:56 3054 1532 3297 -1 -1
15:33:57 3050 1528 3297 -1 -1
15:33:58 3039 1536 3301 -1 -1
15:33:59 3043 1532 3297 -1 -1
15:34:00 3028 1532 3301 -1 -1
15:34:01 3031 1532 3297 -1 -1
15:34:02 3028 1532 3301 -1 -1
15:34:03 3028 1532 3297 -1 -1
15:34:04 3028 1532 3301 -1 -1
15:34:05 3028 1532 3304 -1 -1
15:34:06 3028 1532 3301 -1 -1
15:34:07 3024 1532 3301 -1 -1
15:34:08 3020 1532 3301 -1 -1
15:34:09 3013 1532 3301 -1 -1
15:34:10 3009 1532 3304 -1 -1
15:34:11 3001 1536 3308 -1 -1
15:34:12 2998 1532 3304 -1 -1
15:34:13 2998 1532 3304 -1 -1
15:34:14 2998 1532 3304 -1 -1
15:34:15 2998 1536 3304 -1 -1
15:34:16 2998 1532 3319 -1 -1
15:34:17 2998 1532 3308 -1 -1
15:34:18 2994 1532 3304 -1 -1
15:34:19 2994 1532 3312 -1 -1
15:34:20 2983 1539 3312 -1 -1
15:34:21 2975 1536 3304 -1 -1
15:34:22 2975 1532 3308 -1 -1
15:34:23 2968 1539 3316 -1 -1
15:34:24 2968 1532 3316 -1 -1
15:34:25 2968 1532 3323 -1 -1
15:34:26 2968 1532 3319 -1 -1
15:34:27 2968 1539 3312 -1 -1
15:34:28 2968 1539 3312 -1 -1
15:34:29 2968 1532 3323 -1 -1
15:34:30 2968 1532 3323 -1 -1
15:34:31 2949 1532 3323 -1 -1
15:34:32 2964 1536 3323 -1 -1
15:34:33 2949 1532 3327 -1 -1
15:34:34 2942 1532 3316 -1 -1
15:34:35 2938 1536 3327 -1 -1
15:34:36 2942 1539 3323 -1 -1
15:34:37 2938 1532 3323 -1 -1
15:34:38 2938 1539 3327 -1 -1
15:34:39 2938 1543 3323 -1 -1
15:34:40 2938 1536 3323 -1 -1
15:34:41 2938 1539 3327 -1 -1
15:34:42 2938 1539 3327 -1 -1
15:34:43 2938 1536 3327 -1 -1
15:34:44 2934 1543 3327 -1 -1
15:34:45 2923 1543 3327 -1 -1
15:34:46 2919 1551 3331 -1 -1
15:34:47 2908 1539 3327 -1 -1
15:34:48 2908 1547 3327 -1 -1
15:34:49 2912 1539 3327 -1 -1
15:34:50 2908 1536 3327 -1 -1
15:34:51 2908 1539 3327 -1 -1
15:34:52 2908 1536 3327 -1 -1
15:34:53 2908 1532 3334 -1 -1
15:34:54 2908 1536 3327 -1 -1
15:34:55 2901 1532 3327 -1 -1
15:34:56 2897 1539 3327 -1 -1
15:34:57 2897 1539 3327 -1 -1
15:34:58 2889 1539 3334 -1 -1
15:34:59 2882 1539 3334 -1 -1
15:35:00 2882 1536 3327 -1 -1
15:35:01 2878 1539 3327 -1 -1
15:35:02 2878 1547 3334 -1 -1
15:35:03 2878 1547 3331 -1 -1
15:35:04 2878 1539 3331 -1 -1
15:35:05 2878 1543 3331 -1 -1
15:35:06 2878 1539 3331 -1 -1
15:35:07 2874 1547 3334 -1 -1
15:35:08 2874 1536 3342 -1 -1
15:35:09 2863 1539 3338 -1 -1
15:35:10 2859 1543 3342 -1 -1
15:35:11 2859 1536 3334 -1 -1
15:35:12 2856 1539 3331 -1 -1
15:35:13 2848 1532 3338 -1 -1
15:35:14 2848 1547 3334 -1 -1
15:35:15 2848 1547 3342 -1 -1
15:35:16 2848 1554 3342 -1 -1
15:35:17 2848 1536 3349 -1 -1
15:35:18 2848 1543 3345 -1 -1
15:35:19 2848 1547 3342 -1 -1
15:35:20 2848 1543 3349 -1 -1
15:35:21 2844 1554 3349 -1 -1
15:35:22 2837 1547 3357 -1 -1
15:35:23 2837 1543 3353 -1 -1
15:35:24 2826 1547 3357 -1 -1
15:35:25 2829 1551 3353 -1 -1
15:35:26 2818 1554 3357 -1 -1
15:35:27 2818 1551 3357 -1 -1
15:35:28 2818 1558 3353 -1 -1
15:35:29 2818 1551 3357 -1 -1
15:35:30 2818 1558 3357 -1 -1
15:35:31 2818 1558 3357 -1 -1
15:35:32 2818 1554 3357 -1 -1
15:35:33 2818 1558 3357 -1 -1
15:35:34 2818 1551 3357 -1 -1
15:35:35 2818 1554 3357 -1 -1
15:35:36 2811 1558 3357 -1 -1
15:35:37 2800 1562 3360 -1 -1
15:35:38 2807 1562 3357 -1 -1
15:35:39 2796 1558 3357 -1 -1
15:35:40 2788 1558 3357 -1 -1
15:35:41 2788 1566 3357 -1 -1
15:35:42 2788 1562 3357 -1 -1
15:35:43 2788 1558 3360 -1 -1
15:35:44 2788 1558 3357 -1 -1
15:35:45 2788 1562 3357 -1 -1
15:35:46 2785 1562 3357 -1 -1
15:35:47 2781 1562 3368 -1 -1
15:35:48 2785 1562 3357 -1 -1
15:35:49 2777 1554 3360 -1 -1
15:35:50 2770 1558 3360 -1 -1
15:35:51 2770 1566 3360 -1 -1
15:35:52 2762 1558 3357 -1 -1
15:35:53 2762 1562 3372 -1 -1
15:35:54 2758 1562 3357 -1 -1
15:35:55 2758 1562 3364 -1 -1
15:35:56 2758 1558 3357 -1 -1
15:35:57 2758 1558 3368 -1 -1
15:35:58 2758 1562 3368 -1 -1
15:35:59 2758 1562 3364 -1 -1
15:36:00 2758 1558 3368 -1 -1
15:36:01 2758 1566 3368 -1 -1
15:36:02 2758 1562 3360 -1 -1
15:36:03 2740 1569 3368 -1 -1
15:36:04 2755 1566 3372 -1 -1
15:36:05 2747 1558 3368 -1 -1
15:36:06 2736 1562 3368 -1 -1
15:36:07 2732 1558 3372 -1 -1
15:36:08 2729 1562 3387 -1 -1
15:36:09 2732 1562 3379 -1 -1
15:36:10 2729 1566 3375 -1 -1
15:36:11 2729 1562 3368 -1 -1
15:36:12 2729 1562 3368 -1 -1
15:36:13 2725 1566 3372 -1 -1
15:36:14 2729 1562 3372 -1 -1
15:36:15 2729 1562 3375 -1 -1
15:36:16 2725 1562 3368 -1 -1
15:36:17 2729 1566 3383 -1 -1
15:36:18 2717 1566 3372 -1 -1
15:36:19 2729 1562 3375 -1 -1
15:36:20 2710 1562 3379 -1 -1
15:36:21 2721 1566 3372 -1 -1
15:36:22 2702 1562 3383 -1 -1
15:36:23 2702 1566 3387 -1 -1
15:36:24 2706 1562 3383 -1 -1
15:36:25 2702 1562 3387 -1 -1
15:36:26 2699 1562 3387 -1 -1
15:36:27 2699 1562 3387 -1 -1
15:36:28 2699 1562 3387 -1 -1
15:36:29 2699 1566 3387 -1 -1
15:36:30 2699 1566 3387 -1 -1
15:36:31 2699 1562 3387 -1 -1
15:36:32 2695 1566 3387 -1 -1
15:36:33 2699 1566 3387 -1 -1
15:36:34 2695 1562 3387 -1 -1
15:36:35 2680 1566 3387 -1 -1
15:36:36 2684 1566 3390 -1 -1
15:36:37 2684 1562 3387 -1 -1
15:36:38 2684 1566 3387 -1 -1
15:36:39 2676 1569 3390 -1 -1
15:36:40 2669 1562 3387 -1 -1
15:36:41 2672 1562 3387 -1 -1
15:36:42 2669 1562 3387 -1 -1
15:36:43 2669 1562 3387 -1 -1
15:36:44 2669 1562 3387 -1 -1
15:36:45 2669 1562 3387 -1 -1
15:36:46 2669 1562 3387 -1 -1
15:36:47 2669 1562 3390 -1 -1
15:36:48 2669 1566 3387 -1 -1
15:36:49 2669 1562 3387 -1 -1
15:36:50 2665 1562 3390 -1 -1
15:36:51 2669 1566 3387 -1 -1
15:36:52 2661 1562 3394 -1 -1
15:36:53 2665 1562 3390 -1 -1
15:36:54 2642 1562 3390 -1 -1
15:36:55 2646 1562 3394 -1 -1
15:36:56 2650 1566 3390 -1 -1
15:36:57 2650 1573 3387 -1 -1
15:36:58 2646 1562 3387 -1 -1
15:36:59 2639 1566 3387 -1 -1
15:37:00 2642 1573 3387 -1 -1
15:37:01 2639 1566 3398 -1 -1
15:37:02 2639 1562 3390 -1 -1
15:37:03 2639 1562 3390 -1 -1
15:37:04 2639 1569 3390 -1 -1
15:37:05 2639 1562 3387 -1 -1
15:37:06 2635 1562 3398 -1 -1
15:37:07 2639 1566 3390 -1 -1
15:37:08 2639 1562 3387 -1 -1
15:37:09 2639 1562 3398 -1 -1
15:37:10 2628 1562 3394 -1 -1
15:37:11 2624 1566 3402 -1 -1
15:37:12 2620 1566 3398 -1 -1
15:37:13 2628 1566 3402 -1 -1
15:37:14 2620 1566 3394 -1 -1
15:37:15 2620 1566 3402 -1 -1
15:37:16 2609 1573 3394 -1 -1
15:37:17 2613 1566 3405 -1 -1
15:37:18 2613 1566 3409 -1 -1
15:37:19 2609 1562 3413 -1 -1
15:37:20 2609 1562 3402 -1 -1
15:37:21 2609 1566 3402 -1 -1
15:37:22 2609 1566 3402 -1 -1
15:37:23 2609 1562 3409 -1 -1
15:37:24 2609 1562 3409 -1 -1
15:37:25 2609 1569 3402 -1 -1
15:37:26 2609 1569 3409 -1 -1
15:37:27 2609 1569 3409 -1 -1
15:37:28 2605 1566 3413 -1 -1
15:37:29 2605 1573 3413 -1 -1
15:37:30 2605 1566 3417 -1 -1
15:37:31 2590 1562 3409 -1 -1
15:37:32 2590 1566 3409 -1 -1
15:37:33 2590 1569 3417 -1 -1
15:37:34 2590 1562 3417 -1 -1
15:37:35 2583 1573 3417 -1 -1
15:37:36 2579 1569 3417 -1 -1
15:37:37 2579 1577 3417 -1 -1
15:37:38 2579 1573 3424 -1 -1
15:37:39 2583 1569 3417 -1 -1
15:37:40 2579 1573 3417 -1 -1
15:37:41 2579 1569 3420 -1 -1
15:37:42 2579 1569 3417 -1 -1
15:37:43 2579 1569 3417 -1 -1
15:37:44 2579 1566 3417 -1 -1
15:37:45 2579 1577 3420 -1 -1
15:37:46 2579 1569 3417 -1 -1
15:37:47 2579 1569 3413 -1 -1
15:37:48 2579 1569 3420 -1 -1
15:37:49 2575 1569 3417 -1 -1
15:37:50 2568 1569 3420 -1 -1
15:37:51 2564 1573 3417 -1 -1
15:37:52 2560 1581 3420 -1 -1
15:37:53 2560 1562 3420 -1 -1
15:37:54 2560 1569 3417 -1 -1
15:37:55 2560 1566 3420 -1 -1
15:37:56 2556 1569 3417 -1 -1
15:37:57 2549 1577 3428 -1 -1
15:37:58 2549 1573 3428 -1 -1
15:37:59 2549 1573 3417 -1 -1
15:38:00 2549 1573 3417 -1 -1
15:38:01 2553 1577 3428 -1 -1
15:38:02 2553 1577 3424 -1 -1
15:38:03 2549 1569 3431 -1 -1
15:38:04 2549 1588 3428 -1 -1
15:38:05 2545 1577 3420 -1 -1
15:38:06 2549 1581 3424 -1 -1
15:38:07 2545 1566 3420 -1 -1
15:38:08 2545 1577 3420 -1 -1
15:38:09 2545 1577 3417 -1 -1
15:38:10 2542 1577 3428 -1 -1
15:38:11 2542 1577 3428 -1 -1
15:38:12 2534 1573 3417 -1 -1
15:38:13 2530 1569 3420 -1 -1
15:38:14 2527 1577 3420 -1 -1
15:38:15 2519 1569 3428 -1 -1
15:38:16 2527 1569 3424 -1 -1
15:38:17 2523 1569 3428 -1 -1
15:38:18 2527 1569 3428 -1 -1
15:38:19 2523 1573 3431 -1 -1
15:38:20 2523 1588 3428 -1 -1
15:38:21 2519 1569 3431 -1 -1
15:38:22 2519 1573 3420 -1 -1
15:38:23 2523 1577 3428 -1 -1
15:38:24 2523 1566 3428 -1 -1
15:38:25 2519 1584 3428 -1 -1
15:38:26 2519 1581 3439 -1 -1
15:38:27 2519 1569 3435 -1 -1
15:38:28 2519 1573 3439 -1 -1
15:38:29 2519 1566 3431 -1 -1
15:38:30 2512 1588 3435 -1 -1
15:38:31 2512 1569 3435 -1 -1
15:38:32 2512 1581 3446 -1 -1
15:38:33 2504 1566 3446 -1 -1
15:38:34 2500 1584 3446 -1 -1
15:38:35 2504 1577 3443 -1 -1
15:38:36 2500 1584 3443 -1 -1
15:38:37 2504 1584 3435 -1 -1
15:38:38 2493 1577 3446 -1 -1
15:38:39 2493 1581 3446 -1 -1
15:38:40 2489 1581 3446 -1 -1
15:38:41 2493 1584 3446 -1 -1
15:38:42 2489 1596 3446 -1 -1
15:38:43 2489 1584 3443 -1 -1
15:38:44 2489 1569 3446 -1 -1
15:38:45 2489 1581 3443 -1 -1
15:38:46 2489 1584 3443 -1 -1
15:38:47 2489 1577 3443 -1 -1
15:38:48 2493 1577 3443 -1 -1
15:38:49 2489 1577 3443 -1 -1
15:38:50 2489 1592 3446 -1 -1
15:38:51 2489 1577 3446 -1 -1
15:38:52 2485 1573 3443 -1 -1
15:38:53 2489 1581 3446 -1 -1
15:38:54 2489 1584 3450 -1 -1
15:38:55 2489 1584 3446 -1 -1
15:38:56 2485 1577 3446 -1 -1
15:38:57 2482 1581 3443 -1 -1
15:38:58 2485 1592 3446 -1 -1
15:38:59 2474 1584 3450 -1 -1
15:39:00 2478 1592 3446 -1 -1
15:39:01 2474 1592 3446 -1 -1
15:39:02 2459 1584 3446 -1 -1
15:39:03 2463 1588 3446 -1 -1
15:39:04 2467 1588 3450 -1 -1
15:39:05 2459 1592 3446 -1 -1
15:39:06 2467 1584 3450 -1 -1
15:39:07 2459 1577 3450 -1 -1
15:39:08 2459 1588 3454 -1 -1
15:39:09 2459 1584 3450 -1 -1
15:39:10 2459 1584 3446 -1 -1
15:39:11 2467 1573 3446 -1 -1
15:39:12 2459 1592 3446 -1 -1
15:39:13 2459 1584 3446 -1 -1
15:39:14 2459 1584 3450 -1 -1
15:39:15 2459 1588 3450 -1 -1
15:39:16 2459 1581 3450 -1 -1
15:39:17 2459 1592 3450 -1 -1
15:39:18 2456 1577 3450 -1 -1
15:39:19 2459 1584 3446 -1 -1
15:39:20 2459 1584 3450 -1 -1
15:39:21 2452 1573 3454 -1 -1
15:39:22 2452 1569 3446 -1 -1
15:39:23 2441 1577 3446 -1 -1
15:39:24 2452 1584 3450 -1 -1
15:39:25 2456 1588 3454 -1 -1
15:39:26 2441 1581 3454 -1 -1
15:39:27 2444 1581 3454 -1 -1
15:39:28 2437 1569 3450 -1 -1
15:39:29 2441 1577 3450 -1 -1
15:39:30 2437 1577 3458 -1 -1
15:39:31 2433 1577 3458 -1 -1
15:39:32 2433 1577 3458 -1 -1
15:39:33 2429 1581 3461 -1 -1
15:39:34 2433 1588 3461 -1 -1
15:39:35 2429 1592 3454 -1 -1
15:39:36 2429 1577 3458 -1 -1
15:39:37 2429 1577 3461 -1 -1
15:39:38 2429 1573 3454 -1 -1
15:39:39 2429 1577 3458 -1 -1
15:39:40 2429 1577 3461 -1 -1
15:39:41 2429 1577 3465 -1 -1
15:39:42 2429 1584 3454 -1 -1
15:39:43 2429 1581 3458 -1 -1
15:39:44 2429 1581 3454 -1 -1
15:39:45 2429 1584 3458 -1 -1
15:39:46 2429 1584 3461 -1 -1
15:39:47 2429 1584 3461 -1 -1
15:39:48 2426 1577 3461 -1 -1
15:39:49 2429 1577 3461 -1 -1
15:39:50 2426 1588 3473 -1 -1
15:39:51 2422 1588 3454 -1 -1
15:39:52 2414 1592 3469 -1 -1
15:39:53 2411 1581 3458 -1 -1
15:39:54 2407 1581 3465 -1 -1
15:39:55 2414 1573 3473 -1 -1
15:39:56 2403 1581 3473 -1 -1
15:39:57 2407 1577 3465 -1 -1
15:39:58 2414 1588 3469 -1 -1
15:39:59 2399 1577 3465 -1 -1
15:40:00 2399 1584 3473 -1 -1
15:40:01 2399 1584 3473 -1 -1
15:40:02 2399 1584 3465 -1 -1
15:40:03 2399 1592 3469 -1 -1
15:40:04 2399 1584 3476 -1 -1
15:40:05 2399 1588 3476 -1 -1
15:40:06 2399 1584 3473 -1 -1
15:40:07 2399 1584 3473 -1 -1
15:40:08 2399 1581 3476 -1 -1
15:40:09 2399 1584 3476 -1 -1
15:40:10 2403 1584 3476 -1 -1
15:40:11 2399 1592 3469 -1 -1
15:40:12 2399 1581 3473 -1 -1
15:40:13 2396 1584 3476 -1 -1
15:40:14 2396 1581 3473 -1 -1
15:40:15 2388 1588 3476 -1 -1
15:40:16 2399 1584 3476 -1 -1
15:40:17 2388 1577 3476 -1 -1
15:40:18 2388 1584 3476 -1 -1
15:40:19 2384 1584 3476 -1 -1
15:40:20 2392 1581 3476 -1 -1
15:40:21 2388 1569 3476 -1 -1
15:40:22 2384 1581 3473 -1 -1
15:40:23 2377 1577 3476 -1 -1
15:40:24 2384 1581 3476 -1 -1
15:40:25 2377 1573 3476 -1 -1
15:40:26 2384 1592 3476 -1 -1
15:40:27 2370 1581 3476 -1 -1
15:40:28 2370 1573 3480 -1 -1
15:40:29 2370 1588 3476 -1 -1
15:40:30 2370 1584 3476 -1 -1
15:40:31 2373 1581 3476 -1 -1
15:40:32 2370 1588 3476 -1 -1
15:40:33 2370 1584 3480 -1 -1
15:40:34 2370 1588 3476 -1 -1
15:40:35 2370 1588 3476 -1 -1
15:40:36 2370 1581 3480 -1 -1
15:40:37 2370 1592 3480 -1 -1
15:40:38 2370 1584 3476 -1 -1
15:40:39 2370 1592 3480 -1 -1
15:40:40 2370 1584 3476 -1 -1
15:40:41 2366 1584 3480 -1 -1
15:40:42 2370 1584 3480 -1 -1
15:40:43 2370 1592 3484 -1 -1
15:40:44 2370 1588 3480 -1 -1
15:40:45 2366 1588 3484 -1 -1
15:40:46 2366 1588 3484 -1 -1
15:40:47 2366 1581 3480 -1 -1
15:40:48 2370 1581 3480 -1 -1
15:40:49 2362 1588 3480 -1 -1
15:40:50 2358 1592 3484 -1 -1
15:40:51 2355 1592 3484 -1 -1
15:40:52 2347 1588 3488 -1 -1
15:40:53 2347 1584 3488 -1 -1
15:40:54 2343 1588 3484 -1 -1
15:40:55 2343 1577 3491 -1 -1
15:40:56 2343 1588 3480 -1 -1
15:40:57 2340 1577 3476 -1 -1
15:40:58 2340 1581 3476 -1 -1
15:40:59 2340 1581 3488 -1 -1
15:41:00 2343 1581 3484 -1 -1
15:41:01 2340 1581 3484 -1 -1
15:41:02 2343 1577 3488 -1 -1
15:41:03 2340 1584 3484 -1 -1
15:41:04 2340 1592 3484 -1 -1
15:41:05 2340 1577 3488 -1 -1
15:41:06 2340 1581 3491 -1 -1
15:41:07 2340 1577 3484 -1 -1
15:41:08 2340 1581 3480 -1 -1
15:41:09 2340 1577 3499 -1 -1
15:41:10 2340 1569 3488 -1 -1
15:41:11 2343 1581 3491 -1 -1
15:41:12 2340 1569 3491 -1 -1
15:41:13 2340 1581 3499 -1 -1
15:41:14 2332 1577 3495 -1 -1
15:41:15 2340 1577 3484 -1 -1
15:41:16 2340 1573 3506 -1 -1
15:41:17 2336 1577 3491 -1 -1
15:41:18 2340 1569 3503 -1 -1
15:41:19 2340 1577 3499 -1 -1
15:41:20 2340 1577 3499 -1 -1
15:41:21 2336 1566 3491 -1 -1
15:41:22 2328 1569 3499 -1 -1
15:41:23 2336 1569 3503 -1 -1
15:41:24 2340 1573 3499 -1 -1
15:41:25 2332 1577 3499 -1 -1
15:41:26 2332 1566 3503 -1 -1
15:41:27 2328 1569 3510 -1 -1
15:41:28 2336 1569 3506 -1 -1
15:41:29 2336 1581 3503 -1 -1
15:41:30 2328 1569 3503 -1 -1
15:41:31 2328 1569 3503 -1 -1
15:41:32 2317 1566 3503 -1 -1
15:41:33 2325 1569 3510 -1 -1
15:41:34 2317 1566 3503 -1 -1
15:41:35 2321 1562 3506 -1 -1
15:41:36 2325 1569 3506 -1 -1
15:41:37 2317 1562 3506 -1 -1
15:41:38 2313 1569 3506 -1 -1
15:41:39 2313 1562 3499 -1 -1
15:41:40 2310 1562 3503 -1 -1
15:41:41 2317 1573 3503 -1 -1
15:41:42 2313 1562 3506 -1 -1
15:41:43 2317 1569 3506 -1 -1
15:41:44 2317 1562 3506 -1 -1
15:41:45 2317 1566 3506 -1 -1
15:41:46 2317 1562 3506 -1 -1
15:41:47 2313 1562 3506 -1 -1
15:41:48 2313 1566 3510 -1 -1
15:41:49 2313 1566 3510 -1 -1
15:41:50 2310 1566 3506 -1 -1
15:41:51 2313 1562 3506 -1 -1
15:41:52 2313 1566 3503 -1 -1
15:41:53 2310 1573 3503 -1 -1
15:41:54 2310 1562 3506 -1 -1
15:41:55 2310 1554 3506 -1 -1
15:41:56 2313 1566 3506 -1 -1
15:41:57 2310 1566 3506 -1 -1
15:41:58 2317 1562 3506 -1 -1
15:41:59 2310 1558 3506 -1 -1
15:42:00 2313 1562 3506 -1 -1
15:42:01 2310 1562 3506 -1 -1
15:42:02 2310 1562 3510 -1 -1
15:42:03 2310 1558 3506 -1 -1
15:42:04 2310 1558 3506 -1 -1
15:42:05 2298 1551 3506 -1 -1
15:42:06 2310 1543 3506 -1 -1
15:42:07 2306 1554 3506 -1 -1
15:42:08 2306 1551 3506 -1 -1
15:42:09 2298 1547 3506 -1 -1
15:42:10 2306 1554 3506 -1 -1
15:42:11 2306 1539 3510 -1 -1
15:42:12 2302 1547 3506 -1 -1
15:42:13 2306 1543 3510 -1 -1
15:42:14 2302 1539 3506 -1 -1
15:42:15 2306 1532 3506 -1 -1
15:42:16 2306 1536 3510 -1 -1
15:42:17 2306 1536 3506 -1 -1
15:42:18 2310 1543 3506 -1 -1
15:42:19 2306 1532 3514 -1 -1
15:42:20 2298 1532 3506 -1 -1
15:42:21 2302 1536 3506 -1 -1
15:42:22 2302 1543 3510 -1 -1
15:42:23 2302 1532 3510 -1 -1
15:42:24 2302 1536 3510 -1 -1
15:42:25 2298 1536 3506 -1 -1
15:42:26 2302 1536 3514 -1 -1
15:42:27 2295 1532 3506 -1 -1
15:42:28 2291 1532 3514 -1 -1
15:42:29 2295 1532 3510 -1 -1
15:42:30 2295 1536 3506 -1 -1
15:42:31 2298 1532 3514 -1 -1
15:42:32 2284 1539 3510 -1 -1
15:42:33 2291 1532 3510 -1 -1
15:42:34 2291 1532 3510 -1 -1
15:42:35 2287 1539 3510 -1 -1
15:42:36 2287 1524 3514 -1 -1
15:42:37 2287 1536 3510 -1 -1
15:42:38 2284 1532 3506 -1 -1
15:42:39 2280 1532 3506 -1 -1
15:42:40 2280 1532 3506 -1 -1
15:42:41 2280 1528 3506 -1 -1
15:42:42 2284 1528 3506 -1 -1
15:42:43 2284 1532 3510 -1 -1
15:42:44 2287 1528 3506 -1 -1
15:42:45 2280 1524 3506 -1 -1
15:42:46 2280 1524 3506 -1 -1
15:42:47 2287 1517 3514 -1 -1
15:42:48 2280 1517 3506 -1 -1
15:42:49 2280 1517 3510 -1 -1
15:42:50 2287 1506 3506 -1 -1
15:42:51 2280 1510 3506 -1 -1
15:42:52 2280 1517 3506 -1 -1
15:42:53 2280 1510 3510 -1 -1
15:42:54 2280 1506 3510 -1 -1
15:42:55 2280 1502 3510 -1 -1
15:42:56 2280 1506 3510 -1 -1
15:42:57 2280 1502 3506 -1 -1
15:42:58 2280 1510 3506 -1 -1
15:42:59 2280 1510 3506 -1 -1
15:43:00 2280 1510 3506 -1 -1
15:43:01 2280 1502 3506 -1 -1
15:43:02 2280 1506 3506 -1 -1
15:43:03 2280 1502 3514 -1 -1
15:43:04 2276 1506 3506 -1 -1
15:43:05 2276 1502 3506 -1 -1
15:43:06 2280 1502 3510 -1 -1
15:43:07 2280 1502 3506 -1 -1
15:43:08 2272 1502 3506 -1 -1
15:43:09 2276 1510 3506 -1 -1
15:43:10 2280 1502 3506 -1 -1
15:43:11 2280 1502 3510 -1 -1
15:43:12 2272 1506 3517 -1 -1
15:43:13 2276 1506 3506 -1 -1
15:43:14 2280 1510 3506 -1 -1
15:43:15 2280 1502 3506 -1 -1
15:43:16 2276 1502 3506 -1 -1
15:43:17 2276 1502 3506 -1 -1
15:43:18 2269 1502 3506 -1 -1
15:43:19 2272 1502 3506 -1 -1
15:43:20 2269 1502 3506 -1 -1
15:43:21 2272 1502 3506 -1 -1
15:43:22 2265 1498 3506 -1 -1
15:43:23 2265 1502 3506 -1 -1
15:43:24 2272 1502 3510 -1 -1
15:43:25 2276 1495 3510 -1 -1
15:43:26 2269 1495 3506 -1 -1
15:43:27 2257 1491 3506 -1 -1
15:43:28 2272 1498 3506 -1 -1
15:43:29 2265 1476 3506 -1 -1
15:43:30 2265 1491 3506 -1 -1
15:43:31 2257 1495 3506 -1 -1
15:43:32 2265 1491 3506 -1 -1
15:43:33 2265 1495 3510 -1 -1
15:43:34 2261 1480 3506 -1 -1
15:43:35 2254 1483 3510 -1 -1
15:43:36 2250 1491 3506 -1 -1
15:43:37 2261 1483 3506 -1 -1
15:43:38 2254 1491 3506 -1 -1
15:43:39 2261 1472 3510 -1 -1
15:43:40 2257 1476 3506 -1 -1
15:43:41 2254 1472 3506 -1 -1
15:43:42 2254 1480 3506 -1 -1
15:43:43 2265 1472 3506 -1 -1
15:43:44 2257 1476 3506 -1 -1
15:43:45 2250 1472 3506 -1 -1
15:43:46 2261 1476 3506 -1 -1
15:43:47 2257 1472 3506 -1 -1
15:43:48 2257 1476 3503 -1 -1
15:43:49 2250 1476 3506 -1 -1
15:43:50 2254 1472 3506 -1 -1
15:43:51 2257 1476 3506 -1 -1
15:43:52 2254 1472 3506 -1 -1
15:43:53 2254 1472 3506 -1 -1
15:43:54 2257 1472 3503 -1 -1
15:43:55 2250 1476 3506 -1 -1
15:43:56 2254 1472 3506 -1 -1
15:43:57 2250 1472 3506 -1 -1
15:43:58 2261 1476 3506 -1 -1
15:43:59 2250 1472 3506 -1 -1
15:44:00 2254 1472 3506 -1 -1
15:44:01 2254 1472 3506 -1 -1
15:44:02 2254 1472 3506 -1 -1
15:44:03 2250 1472 3506 -1 -1
15:44:04 2250 1476 3506 -1 -1
15:44:05 2257 1472 3506 -1 -1
15:44:06 2254 1472 3506 -1 -1
15:44:07 2250 1476 3506 -1 -1
15:44:08 2250 1472 3506 -1 -1
15:44:09 2250 1472 3506 -1 -1
15:44:10 2250 1472 3506 -1 -1
15:44:11 2250 1472 3503 -1 -1
15:44:12 2250 1472 3510 -1 -1
15:44:13 2250 1476 3506 -1 -1
15:44:14 2250 1472 3506 -1 -1
15:44:15 2250 1472 3506 -1 -1
15:44:16 2250 1472 3506 -1 -1
15:44:17 2250 1476 3503 -1 -1
15:44:18 2250 1472 3506 -1 -1
15:44:19 2250 1472 3503 -1 -1
15:44:20 2250 1472 3506 -1 -1
15:44:21 2250 1472 3506 -1 -1
15:44:22 2250 1472 3506 -1 -1
15:44:23 2250 1472 3499 -1 -1
15:44:24 2250 1472 3506 -1 -1
15:44:25 2250 1472 3503 -1 -1
15:44:26 2250 1472 3503 -1 -1
15:44:27 2250 1465 3503 -1 -1
15:44:28 2246 1472 3503 -1 -1
15:44:29 2250 1472 3503 -1 -1
15:44:30 2246 1472 3506 -1 -1
15:44:31 2246 1472 3495 -1 -1
15:44:32 2246 1472 3499 -1 -1
15:44:33 2250 1472 3499 -1 -1
15:44:34 2242 1472 3491 -1 -1
15:44:35 2242 1472 3503 -1 -1
15:44:36 2246 1472 3503 -1 -1
15:44:37 2231 1472 3503 -1 -1
15:44:38 2231 1468 3495 -1 -1
15:44:39 2235 1472 3484 -1 -1
15:44:40 2246 1468 3506 -1 -1
15:44:41 2227 1472 3495 -1 -1
15:44:42 2242 1476 3499 -1 -1
15:44:43 2227 1476 3495 -1 -1
15:44:44 2227 1472 3491 -1 -1
15:44:45 2239 1468 3491 -1 -1
15:44:46 2224 1472 3491 -1 -1
15:44:47 2227 1472 3495 -1 -1
15:44:48 2224 1472 3495 -1 -1
15:44:49 2227 1472 3488 -1 -1
15:44:50 2227 1476 3491 -1 -1
15:44:51 2224 1472 3499 -1 -1
15:44:52 2224 1472 3499 -1 -1
15:44:53 2224 1472 3491 -1 -1
15:44:54 2227 1472 3499 -1 -1
15:44:55 2220 1472 3499 -1 -1
15:44:56 2220 1472 3495 -1 -1
15:44:57 2224 1472 3495 -1 -1
15:44:58 2220 1472 3499 -1 -1
15:44:59 2220 1476 3488 -1 -1
15:45:00 2220 1472 3491 -1 -1
15:45:01 2220 1472 3503 -1 -1
15:45:02 2220 1472 3495 -1 -1
15:45:03 2220 1472 3495 -1 -1
15:45:04 2220 1476 3506 -1 -1
15:45:05 2220 1483 3506 -1 -1
15:45:06 2220 1472 3503 -1 -1
15:45:07 2224 1480 3499 -1 -1
15:45:08 2220 1480 3499 -1 -1
15:45:09 2220 1472 3499 -1 -1
15:45:10 2220 1476 3491 -1 -1
15:45:11 2220 1476 3499 -1 -1
15:45:12 2220 1476 3506 -1 -1
15:45:13 2212 1480 3499 -1 -1
15:45:14 2216 1476 3506 -1 -1
15:45:15 2220 1476 3499 -1 -1
15:45:16 2209 1476 3495 -1 -1
15:45:17 2205 1480 3499 -1 -1
15:45:18 2205 1472 3499 -1 -1
15:45:19 2205 1483 3503 -1 -1
15:45:20 2205 1487 3506 -1 -1
15:45:21 2198 1483 3491 -1 -1
15:45:22 2194 1480 3499 -1 -1
15:45:23 2198 1480 3495 -1 -1
15:45:24 2198 1476 3499 -1 -1
15:45:25 2198 1476 3503 -1 -1
15:45:26 2198 1480 3499 -1 -1
15:45:27 2201 1480 3491 -1 -1
15:45:28 2190 1483 3499 -1 -1
15:45:29 2198 1480 3488 -1 -1
15:45:30 2190 1480 3495 -1 -1
15:45:31 2190 1476 3503 -1 -1
15:45:32 2190 1472 3491 -1 -1
15:45:33 2194 1480 3488 -1 -1
15:45:34 2190 1480 3491 -1 -1
15:45:35 2194 1476 3491 -1 -1
15:45:36 2194 1480 3503 -1 -1
15:45:37 2190 1480 3499 -1 -1
15:45:38 2194 1476 3499 -1 -1
15:45:39 2194 1476 3499 -1 -1
15:45:40 2190 1480 3503 -1 -1
15:45:41 2190 1483 3503 -1 -1
15:45:42 2190 1472 3503 -1 -1
15:45:43 2190 1483 3503 -1 -1
15:45:44 2190 1480 3503 -1 -1
15:45:45 2194 1480 3503 -1 -1
15:45:46 2190 1483 3506 -1 -1
15:45:47 2186 1476 3495 -1 -1
15:45:48 2186 1472 3491 -1 -1
15:45:49 2190 1480 3503 -1 -1
15:45:50 2186 1480 3506 -1 -1
15:45:51 2183 1491 3503 -1 -1
15:45:52 2186 1483 3499 -1 -1
15:45:53 2183 1483 3506 -1 -1
15:45:54 2179 1487 3506 -1 -1
15:45:55 2183 1487 3503 -1 -1
15:45:56 2186 1491 3499 -1 -1
15:45:57 2186 1491 3503 -1 -1
15:45:58 2179 1480 3506 -1 -1
15:45:59 2175 1495 3506 -1 -1
15:46:00 2168 1491 3503 -1 -1
15:46:01 2164 1495 3506 -1 -1
15:46:02 2168 1495 3503 -1 -1
15:46:03 2171 1498 3506 -1 -1
15:46:04 2171 1495 3506 -1 -1
15:46:05 2160 1498 3510 -1 -1
15:46:06 2179 1491 3506 -1 -1
15:46:07 2164 1498 3506 -1 -1
15:46:08 2160 1491 3506 -1 -1
15:46:09 2164 1498 3506 -1 -1
15:46:10 2164 1495 3506 -1 -1
15:46:11 2160 1495 3510 -1 -1
15:46:12 2160 1487 3503 -1 -1
15:46:13 2164 1498 3506 -1 -1
15:46:14 2160 1498 3506 -1 -1
15:46:15 2160 1491 3506 -1 -1
15:46:16 2160 1495 3506 -1 -1
15:46:17 2160 1502 3506 -1 -1
15:46:18 2160 1502 3506 -1 -1
15:46:19 2160 1498 3503 -1 -1
15:46:20 2160 1495 3506 -1 -1
15:46:21 2160 1502 3506 -1 -1
15:46:22 2160 1495 3506 -1 -1
15:46:23 2160 1495 3506 -1 -1
15:46:24 2156 1498 3506 -1 -1
15:46:25 2156 1491 3506 -1 -1
15:46:26 2160 1491 3499 -1 -1
15:46:27 2160 1495 3503 -1 -1
15:46:28 2156 1502 3506 -1 -1
15:46:29 2156 1483 3506 -1 -1
15:46:30 2153 1491 3503 -1 -1
15:46:31 2153 1480 3506 -1 -1
15:46:32 2153 1491 3506 -1 -1
15:46:33 2156 1487 3503 -1 -1
15:46:34 2141 1491 3506 -1 -1
15:46:35 2138 1487 3506 -1 -1
15:46:36 2141 1495 3499 -1 -1
15:46:37 2138 1491 3499 -1 -1
15:46:38 2138 1491 3503 -1 -1
15:46:39 2138 1495 3503 -1 -1
15:46:40 2138 1495 3506 -1 -1
15:46:41 2138 1495 3495 -1 -1
15:46:42 2134 1487 3503 -1 -1
15:46:43 2134 1495 3503 -1 -1
15:46:44 2130 1483 3506 -1 -1
15:46:45 2130 1480 3506 -1 -1
15:46:46 2130 1491 3499 -1 -1
15:46:47 2130 1487 3506 -1 -1
15:46:48 2130 1491 3506 -1 -1
15:46:49 2130 1480 3499 -1 -1
15:46:50 2130 1491 3506 -1 -1
15:46:51 2130 1487 3499 -1 -1
15:46:52 2130 1495 3506 -1 -1
15:46:53 2130 1495 3499 -1 -1
15:46:54 2130 1487 3506 -1 -1
15:46:55 2130 1498 3506 -1 -1
15:46:56 2130 1491 3506 -1 -1
15:46:57 2130 1498 3506 -1 -1
15:46:58 2130 1502 3506 -1 -1
15:46:59 2130 1498 3506 -1 -1
15:47:00 2130 1495 3506 -1 -1
15:47:01 2130 1502 3506 -1 -1
15:47:02 2130 1498 3503 -1 -1
15:47:03 2130 1487 3503 -1 -1
15:47:04 2130 1502 3499 -1 -1
15:47:05 2130 1491 3506 -1 -1
15:47:06 2130 1498 3503 -1 -1
15:47:07 2130 1495 3503 -1 -1
15:47:08 2130 1502 3506 -1 -1
15:47:09 2130 1498 3506 -1 -1
15:47:10 2130 1502 3506 -1 -1
15:47:11 2130 1502 3506 -1 -1
15:47:12 2130 1502 3503 -1 -1
15:47:13 2126 1502 3506 -1 -1
15:47:14 2130 1498 3506 -1 -1
15:47:15 2126 1506 3506 -1 -1
15:47:16 2126 1506 3506 -1 -1
15:47:17 2126 1502 3506 -1 -1
15:47:18 2130 1502 3506 -1 -1
15:47:19 2123 1502 3506 -1 -1
15:47:20 2126 1502 3510 -1 -1
15:47:21 2123 1502 3506 -1 -1
15:47:22 2123 1502 3506 -1 -1
15:47:23 2130 1502 3510 -1 -1
15:47:24 2126 1502 3506 -1 -1
15:47:25 2123 1502 3506 -1 -1
15:47:26 2123 1502 3506 -1 -1
15:47:27 2108 1502 3506 -1 -1
15:47:28 2123 1498 3506 -1 -1
15:47:29 2119 1502 3506 -1 -1
15:47:30 2100 1502 3506 -1 -1
15:47:31 2112 1506 3510 -1 -1
15:47:32 2104 1502 3506 -1 -1
15:47:33 2115 1502 3506 -1 -1
15:47:34 2112 1506 3506 -1 -1
15:47:35 2104 1506 3506 -1 -1
15:47:36 2104 1502 3506 -1 -1
15:47:37 2100 1498 3506 -1 -1
15:47:38 2100 1498 3506 -1 -1
15:47:39 2104 1506 3506 -1 -1
15:47:40 2100 1502 3510 -1 -1
15:47:41 2104 1502 3506 -1 -1
15:47:42 2100 1502 3506 -1 -1
15:47:43 2100 1502 3506 -1 -1
15:47:44 2100 1502 3510 -1 -1
15:47:45 2100 1502 3506 -1 -1
15:47:46 2100 1502 3506 -1 -1
15:47:47 2100 1502 3503 -1 -1
15:47:48 2100 1502 3506 -1 -1
15:47:49 2100 1502 3506 -1 -1
15:47:50 2100 1502 3506 -1 -1
15:47:51 2100 1502 3506 -1 -1
15:47:52 2100 1502 3506 -1 -1
15:47:53 2100 1502 3506 -1 -1
15:47:54 2100 1502 3506 -1 -1
15:47:55 2100 1502 3506 -1 -1
15:47:56 2100 1502 3506 -1 -1
15:47:57 2100 1502 3506 -1 -1
15:47:58 2100 1502 3506 -1 -1
15:47:59 2100 1502 3506 -1 -1
15:48:00 2100 1502 3506 -1 -1
15:48:01 2100 1502 3506 -1 -1
15:48:02 2100 1502 3506 -1 -1
15:48:03 2100 1502 3510 -1 -1
15:48:04 2100 1502 3506 -1 -1
15:48:05 2100 1502 3506 -1 -1
15:48:06 2100 1506 3506 -1 -1
15:48:07 2100 1502 3506 -1 -1
15:48:08 2100 1502 3503 -1 -1
15:48:09 2100 1510 3506 -1 -1
15:48:10 2100 1498 3506 -1 -1
15:48:11 2100 1502 3506 -1 -1
15:48:12 2100 1502 3506 -1 -1
15:48:13 2100 1502 3506 -1 -1
15:48:14 2100 1506 3506 -1 -1
15:48:15 2100 1502 3506 -1 -1
15:48:16 2100 1502 3510 -1 -1
15:48:17 2100 1502 3506 -1 -1
15:48:18 2100 1506 3506 -1 -1
15:48:19 2100 1510 3506 -1 -1
15:48:20 2100 1506 3506 -1 -1
15:48:21 2100 1506 3506 -1 -1
15:48:22 2100 1502 3506 -1 -1
15:48:23 2100 1506 3503 -1 -1
15:48:24 2100 1502 3510 -1 -1
15:48:25 2100 1506 3506 -1 -1
15:48:26 2100 1513 3506 -1 -1
15:48:27 2100 1510 3506 -1 -1
15:48:28 2100 1502 3510 -1 -1
15:56:17 1969 1566 3566 -1 -1
15:56:18 1962 1562 3566 -1 -1
15:56:19 1977 1566 3566 -1 -1
15:56:20 1969 1562 3570 -1 -1
15:56:21 1966 1566 3566 -1 -1
15:56:22 1973 1562 3570 -1 -1
15:56:23 1966 1562 3570 -1 -1
15:56:24 1966 1566 3570 -1 -1
15:56:25 1966 1566 3570 -1 -1
15:56:26 1973 1566 3566 -1 -1
15:56:27 1973 1566 3570 -1 -1
15:56:28 1954 1558 3570 -1 -1
15:56:29 1969 1562 3570 -1 -1
15:56:30 1969 1562 3574 -1 -1
15:56:31 1969 1562 3570 -1 -1
15:56:32 1973 1566 3570 -1 -1
15:56:33 1969 1562 3574 -1 -1
15:56:34 1966 1566 3566 -1 -1
15:56:35 1969 1562 3570 -1 -1
15:56:36 1962 1566 3581 -1 -1
15:56:37 1958 1569 3570 -1 -1
15:56:38 1958 1562 3566 -1 -1
15:56:39 1962 1569 3574 -1 -1
15:56:40 1966 1562 3570 -1 -1
15:56:41 1951 1562 3570 -1 -1
15:56:42 1966 1566 3570 -1 -1
15:56:43 1954 1562 3570 -1 -1
15:56:44 1958 1562 3577 -1 -1
15:56:45 1962 1566 3577 -1 -1
15:56:46 1958 1562 3574 -1 -1
15:56:47 1962 1562 3574 -1 -1
15:56:48 1962 1562 3581 -1 -1
15:56:49 1966 1562 3570 -1 -1
15:56:50 1958 1562 3570 -1 -1
15:56:51 1954 1562 3574 -1 -1
15:56:52 1951 1562 3577 -1 -1
15:56:53 1951 1562 3577 -1 -1
15:56:54 1958 1562 3577 -1 -1
15:56:55 1951 1562 3592 -1 -1
15:56:56 1951 1566 3577 -1 -1
15:56:57 1951 1566 3577 -1 -1
15:56:58 1954 1566 3577 -1 -1
15:56:59 1954 1562 3585 -1 -1
15:57:00 1958 1562 3585 -1 -1
15:57:01 1958 1562 3581 -1 -1
15:57:02 1954 1562 3581 -1 -1
15:57:03 1954 1573 3592 -1 -1
15:57:04 1954 1569 3585 -1 -1
15:57:05 1962 1562 3589 -1 -1
15:57:06 1951 1562 3589 -1 -1
15:57:07 1958 1569 3592 -1 -1
15:57:08 1958 1569 3585 -1 -1
15:57:09 1951 1562 3592 -1 -1
15:57:10 1958 1562 3589 -1 -1
15:57:11 1951 1566 3585 -1 -1
15:57:12 1951 1573 3585 -1 -1
15:57:13 1958 1566 3589 -1 -1
15:57:14 1951 1566 3592 -1 -1
15:57:15 1951 1569 3589 -1 -1
15:57:16 1954 1569 3589 -1 -1
15:57:17 1954 1573 3592 -1 -1
15:57:18 1951 1562 3596 -1 -1
15:57:19 1954 1566 3581 -1 -1
15:57:20 1951 1566 3592 -1 -1
15:57:21 1951 1566 3589 -1 -1
15:57:22 1954 1566 3589 -1 -1
15:57:23 1951 1566 3589 -1 -1
15:57:24 1951 1562 3589 -1 -1
15:57:25 1951 1566 3596 -1 -1
15:57:26 1951 1562 3592 -1 -1
15:57:27 1958 1573 3589 -1 -1
15:57:28 1951 1577 3581 -1 -1
15:57:29 1951 1569 3589 -1 -1
15:57:30 1951 1566 3596 -1 -1
15:57:31 1951 1573 3589 -1 -1
15:57:32 1954 1566 3592 -1 -1
15:57:33 1951 1569 3596 -1 -1
15:57:34 1951 1566 3592 -1 -1
15:57:35 1951 1569 3596 -1 -1
15:57:36 1951 1566 3592 -1 -1
15:57:37 1954 1577 3596 -1 -1
15:57:38 1951 1569 3596 -1 -1
15:57:39 1951 1562 3596 -1 -1
15:57:40 1951 1577 3592 -1 -1
15:57:41 1951 1566 3592 -1 -1
15:57:42 1951 1573 3596 -1 -1
15:57:43 1951 1577 3596 -1 -1
15:57:44 1951 1577 3596 -1 -1
15:57:45 1951 1577 3596 -1 -1
15:57:46 1954 1577 3596 -1 -1
15:57:47 1951 1569 3596 -1 -1
15:57:48 1951 1573 3596 -1 -1
15:57:49 1951 1573 3600 -1 -1
15:57:50 1951 1566 3596 -1 -1
15:57:51 1951 1569 3596 -1 -1
15:57:52 1951 1573 3596 -1 -1
15:57:53 1951 1573 3596 -1 -1
15:57:54 1951 1569 3596 -1 -1
15:57:55 1951 1573 3596 -1 -1
15:57:56 1951 1566 3596 -1 -1
15:57:57 1954 1569 3592 -1 -1
15:57:58 1951 1569 3596 -1 -1
15:57:59 1951 1569 3596 -1 -1
15:58:00 1951 1577 3596 -1 -1
15:58:01 1951 1569 3596 -1 -1
15:58:02 1951 1569 3596 -1 -1
15:58:03 1951 1577 3596 -1 -1
15:58:04 1951 1566 3592 -1 -1
15:58:05 1951 1569 3596 -1 -1
15:58:06 1951 1569 3596 -1 -1
15:58:07 1951 1573 3596 -1 -1
15:58:08 1951 1562 3596 -1 -1
15:58:09 1951 1566 3592 -1 -1
15:58:10 1951 1573 3596 -1 -1
15:58:11 1954 1566 3596 -1 -1
15:58:12 1951 1569 3596 -1 -1
15:58:13 1951 1566 3592 -1 -1
15:58:14 1951 1569 3600 -1 -1
15:58:15 1951 1569 3596 -1 -1
15:58:16 1951 1569 3596 -1 -1
15:58:17 1951 1566 3596 -1 -1
15:58:18 1951 1569 3600 -1 -1
15:58:19 1951 1569 3596 -1 -1
15:58:20 1951 1566 3600 -1 -1
15:58:21 1951 1573 3596 -1 -1
15:58:22 1951 1577 3596 -1 -1
15:58:23 1951 1566 3600 -1 -1
15:58:24 1951 1573 3600 -1 -1
15:58:25 1951 1566 3596 -1 -1
15:58:26 1951 1569 3596 -1 -1
15:58:27 1951 1569 3596 -1 -1
15:58:28 1951 1562 3596 -1 -1
15:58:29 1951 1573 3596 -1 -1
15:58:30 1951 1569 3600 -1 -1
15:58:31 1951 1562 3596 -1 -1
15:58:32 1951 1581 3600 -1 -1
15:58:33 1951 1566 3600 -1 -1
15:58:34 1951 1573 3596 -1 -1
15:58:35 1951 1566 3596 -1 -1
15:58:36 1951 1573 3600 -1 -1
15:58:37 1951 1577 3600 -1 -1
15:58:38 1951 1577 3596 -1 -1
15:58:39 1951 1573 3603 -1 -1
15:58:40 1951 1573 3596 -1 -1
15:58:41 1951 1573 3600 -1 -1
15:58:42 1951 1569 3600 -1 -1
15:58:43 1951 1566 3603 -1 -1
15:58:44 1951 1566 3600 -1 -1
15:58:45 1951 1581 3596 -1 -1
15:58:46 1951 1584 3596 -1 -1
15:58:47 1951 1577 3600 -1 -1
15:58:48 1951 1573 3596 -1 -1
15:58:49 1951 1577 3596 -1 -1
15:58:50 1951 1566 3596 -1 -1
15:58:51 1951 1569 3596 -1 -1
15:58:52 1951 1569 3600 -1 -1
15:58:53 1947 1573 3596 -1 -1
15:58:54 1951 1566 3596 -1 -1
15:58:55 1947 1566 3596 -1 -1
15:58:56 1951 1566 3600 -1 -1
15:58:57 1951 1569 3596 -1 -1
15:58:58 1951 1562 3596 -1 -1
15:58:59 1951 1562 3596 -1 -1
15:59:00 1947 1562 3596 -1 -1
15:59:01 1951 1569 3596 -1 -1
15:59:02 1951 1566 3596 -1 -1
15:59:03 1951 1562 3596 -1 -1
15:59:04 1951 1562 3596 -1 -1
15:59:05 1951 1562 3592 -1 -1
15:59:06 1951 1562 3596 -1 -1
15:59:07 1947 1562 3600 -1 -1
15:59:08 1951 1562 3600 -1 -1
15:59:09 1947 1562 3596 -1 -1
15:59:10 1951 1566 3600 -1 -1
15:59:11 1947 1566 3596 -1 -1
15:59:12 1951 1562 3596 -1 -1
15:59:13 1951 1562 3596 -1 -1
15:59:14 1951 1566 3596 -1 -1
15:59:15 1947 1562 3596 -1 -1
15:59:16 1951 1562 3596 -1 -1
15:59:17 1951 1562 3596 -1 -1
15:59:18 1951 1562 3596 -1 -1
15:59:19 1951 1562 3596 -1 -1
15:59:20 1951 1562 3596 -1 -1
15:59:21 1947 1562 3596 -1 -1
15:59:22 1951 1562 3596 -1 -1
15:59:23 1951 1562 3596 -1 -1
15:59:24 1943 1566 3596 -1 -1
15:59:25 1951 1569 3596 -1 -1
15:59:26 1947 1562 3596 -1 -1
15:59:27 1943 1566 3596 -1 -1
15:59:28 1947 1562 3596 -1 -1
15:59:29 1943 1566 3600 -1 -1
15:59:30 1943 1566 3600 -1 -1
15:59:31 1947 1573 3596 -1 -1
15:59:32 1940 1562 3596 -1 -1
15:59:33 1947 1562 3596 -1 -1
15:59:34 1947 1562 3600 -1 -1
15:59:35 1947 1562 3600 -1 -1
15:59:36 1947 1566 3596 -1 -1
15:59:37 1951 1566 3596 -1 -1
15:59:38 1951 1562 3596 -1 -1
15:59:39 1943 1569 3596 -1 -1
15:59:40 1940 1562 3596 -1 -1
15:59:41 1940 1566 3600 -1 -1
15:59:42 1951 1562 3596 -1 -1
15:59:43 1936 1573 3596 -1 -1
15:59:44 1940 1562 3596 -1 -1
15:59:45 1943 1562 3596 -1 -1
15:59:46 1943 1566 3600 -1 -1
15:59:47 1947 1562 3600 -1 -1
15:59:48 1932 1562 3600 -1 -1
15:59:49 1943 1562 3600 -1 -1
15:59:50 1947 1562 3596 -1 -1
15:59:51 1943 1566 3600 -1 -1
15:59:52 1951 1562 3596 -1 -1
15:59:53 1947 1566 3600 -1 -1
15:59:54 1947 1566 3596 -1 -1
15:59:55 1947 1569 3600 -1 -1
15:59:56 1951 1562 3600 -1 -1
15:59:57 1951 1577 3596 -1 -1
15:59:58 1940 1566 3596 -1 -1
15:59:59 1951 1569 3596 -1 -1
16:00:00 1940 1569 3603 -1 -1
16:00:01 1947 1569 3600 -1 -1
16:00:02 1943 1566 3603 -1 -1
16:00:03 1951 1562 3600 -1 -1
16:00:04 1951 1569 3603 -1 -1
16:00:05 1951 1566 3600 -1 -1
16:00:06 1947 1569 3596 -1 -1
16:00:07 1951 1566 3603 -1 -1
16:00:08 1947 1569 3603 -1 -1
16:00:09 1943 1566 3600 -1 -1
16:00:10 1951 1562 3600 -1 -1
16:00:11 1947 1573 3600 -1 -1
16:00:12 1943 1566 3603 -1 -1
16:00:13 1943 1562 3603 -1 -1
16:00:14 1943 1569 3600 -1 -1
16:00:15 1947 1562 3596 -1 -1
16:00:16 1947 1562 3600 -1 -1
16:00:17 1951 1566 3607 -1 -1
16:00:18 1947 1562 3600 -1 -1
16:00:19 1943 1562 3600 -1 -1
16:00:20 1943 1566 3600 -1 -1
16:00:21 1947 1562 3607 -1 -1
16:00:22 1940 1562 3596 -1 -1
16:00:23 1940 1566 3603 -1 -1
16:00:24 1943 1562 3596 -1 -1
16:00:25 1951 1566 3603 -1 -1
16:00:26 1947 1569 3603 -1 -1
16:00:27 1943 1562 3603 -1 -1
16:00:28 1940 1569 3603 -1 -1
16:00:29 1947 1566 3596 -1 -1
16:00:30 1951 1562 3600 -1 -1
16:00:31 1951 1573 3600 -1 -1
16:00:32 1947 1577 3596 -1 -1
16:00:33 1936 1566 3596 -1 -1
16:00:34 1940 1569 3600 -1 -1
16:00:35 1932 1569 3607 -1 -1
16:00:36 1943 1562 3603 -1 -1
16:00:37 1936 1566 3607 -1 -1
16:00:38 1940 1577 3603 -1 -1
16:00:39 1940 1566 3603 -1 -1
16:00:40 1943 1566 3607 -1 -1
16:00:41 1932 1573 3607 -1 -1
16:00:42 1936 1573 3600 -1 -1
16:00:43 1932 1573 3600 -1 -1
16:00:44 1940 1562 3603 -1 -1
16:00:45 1940 1569 3596 -1 -1
16:00:46 1947 1566 3600 -1 -1
16:00:47 1940 1569 3600 -1 -1
16:00:48 1932 1569 3600 -1 -1
16:00:49 1943 1566 3600 -1 -1
1616:01:01 1925 1577 3600 2 0
16:01:02 1936 1566 3600 2 0
16:01:03 1936 1569 3607 2 0
16:01:04 1932 1581 3596 2 0
16:01:05 1936 1581 3596 2 0
16:01:06 1925 1566 3603 2 0
16:01:07 1936 1566 3600 2 0
16:01:08 1932 1581 3603 2 0
16:01:09 1932 1562 3600 2 0
16:01:10 1932 1577 3607 2 0
16:01:11 1928 1566 3600 2 0
16:01:12 1925 1566 3607 2 0
16:01:13 1921 1573 3603 2 0
16:01:14 1925 1566 3603 2 0
16:01:15 1925 1573 3603 2 0
16:01:16 1928 1569 3603 2 0
16:01:17 1932 1566 3607 2 0
16:01:18 1925 1569 3607 2 0
16:01:19 1921 1562 3611 2 0
16:01:20 1928 1562 3607 2 0
16:01:21 1928 1562 3603 2 0
16:01:22 1921 1573 3611 2 0
16:01:23 1925 1569 3603 2 0
16:01:24 1925 1569 3611 2 0
16:01:25 1928 1569 3603 2 0
16:01:26 1925 1566 3600 2 0
16:01:27 1921 1562 3600 2 0
16:01:28 1928 1566 3596 2 0
16:01:29 1925 1558 3596 2 0
16:01:30 1925 1558 3596 2 0
16:01:31 1921 1543 3600 2 0
16:01:32 1928 1558 3596 2 0
16:01:33 1921 1554 3596 2 0
16:01:34 1921 1536 3596 2 0
16:01:35 1921 1532 3596 2 0
16:01:36 1921 1547 3596 2 0
16:01:37 1921 1547 3596 2 0
16:01:38 1928 1536 3596 2 0
16:01:39 1925 1536 3596 2 0
16:01:40 1928 1543 3592 2 0
16:01:41 1921 1539 3589 2 0
16:01:42 1921 1547 3596 2 0
16:01:43 1921 1539 3589 2 0
16:01:44 1921 1536 3596 2 0
16:01:45 1925 1532 3585 2 0
16:01:46 1928 1532 3592 2 0
16:01:47 1921 1532 3577 2 0
16:01:48 1921 1536 3585 2 0
16:01:49 1925 1532 3581 2 0
16:01:50 1921 1532 3581 2 0
16:01:51 1921 1524 3581 2 0
16:01:52 1921 1536 3589 2 0
16:01:53 1921 1532 3581 2 0
16:01:54 1921 1536 3581 2 0
16:01:55 1921 1536 3585 2 0
16:01:56 1921 1532 3570 2 0
16:01:57 1921 1532 3574 2 0
16:01:58 1921 1532 3570 2 0
16:01:59 1921 1532 3570 2 0
16:02:00 1921 1536 3574 2 0
16:02:01 1921 1532 3566 2 0
16:02:02 1921 1536 3574 2 0
16:02:03 1921 1532 3581 2 0
16:02:04 1921 1532 3574 2 0
16:02:05 1925 1536 3566 2 0
16:02:06 1928 1532 3570 2 0
16:02:07 1921 1532 3574 2 0
16:02:08 1921 1539 3574 2 0
16:02:09 1921 1532 3570 2 0
16:02:10 1921 1532 3570 2 0
16:02:11 1921 1532 3577 2 0
16:02:12 1921 1539 3577 2 0
16:02:13 1921 1536 3577 2 0
16:02:14 1921 1539 3585 2 0
16:02:15 1921 1539 3570 2 0
16:02:16 1921 1539 3574 2 0
16:02:17 1921 1539 3577 2 0
16:02:18 1921 1532 3577 2 0
16:02:19 1921 1539 3574 2 0
16:02:20 1921 1536 3585 2 0
16:02:21 1921 1536 3581 2 0
16:02:22 1921 1536 3577 2 0
16:02:23 1921 1539 3585 2 0
16:02:24 1921 1539 3581 2 0
16:02:25 1921 1551 3589 2 0
16:02:26 1921 1539 3581 2 0
16:02:27 1921 1543 3585 2 0
16:02:28 1921 1547 3577 2 0
16:02:29 1921 1551 3596 2 0
16:02:30 1921 1539 3574 2 0
16:02:31 1921 1539 3574 2 0
16:02:32 1921 1543 3574 2 0
16:02:33 1921 1543 3577 2 0
16:02:34 1921 1547 3577 2 0
16:02:35 1921 1536 3585 2 0
16:02:36 1921 1547 3577 2 0
16:02:37 1921 1547 3585 2 0
16:02:38 1921 1539 3577 2 0
16:02:39 1921 1551 3574 2 0
16:02:40 1917 1547 3585 2 0
16:02:41 1921 1547 3577 2 0
16:02:42 1921 1539 3574 2 0
16:02:43 1917 1551 3585 2 0
16:02:44 1913 1554 3585 2 0
16:02:45 1913 1543 3574 2 0
16:02:46 1921 1543 3574 2 0
16:02:47 1921 1539 3570 2 0
16:02:48 1921 1536 3566 2 0
16:02:49 1921 1536 3566 2 0
16:02:50 1913 1536 3574 2 0
16:02:51 1913 1536 3570 2 0
16:02:52 1913 1536 3570 2 0
16:02:53 1921 1543 3570 2 0
16:02:54 1917 1536 3570 2 0
16:02:55 1917 1539 3566 2 0
16:02:56 1921 1547 3577 2 0
16:02:57 1917 1532 3570 2 0
16:02:58 1910 1532 3566 2 0
16:02:59 1917 1536 3566 2 0
16:03:00 1906 1536 3570 2 0
16:03:01 1906 1532 3562 2 0
16:03:02 1902 1532 3562 2 0
16:03:03 1895 1524 3555 2 0
16:03:04 1895 1528 3536 2 0
16:03:05 1898 1513 3536 2 0
16:03:06 1891 1513 3536 2 0
16:03:07 1891 1506 3525 2 0
16:03:08 1891 1506 3517 2 0
16:03:09 1891 1502 3510 2 0
16:03:10 1898 1502 3506 2 0
16:03:11 1891 1498 3503 2 0
16:03:12 1891 1483 3499 2 0
16:03:13 1891 1487 3495 2 0
16:03:14 1891 1480 3484 2 0
16:03:15 1891 1480 3484 2 0
16:03:16 1902 1480 3476 2 0
16:03:17 1895 1480 3484 2 0
16:03:18 1895 1472 3484 2 0
16:03:19 1891 1476 3484 2 0
16:03:20 1902 1483 3484 2 0
16:03:21 1898 1476 3484 2 0
16:03:22 1902 1480 3491 2 0
16:03:23 1906 1480 3476 2 0
16:03:24 1902 1476 3484 2 0
16:03:25 1910 1480 3484 2 0
16:03:26 1902 1483 3503 2 0
16:03:27 1906 1487 3491 2 0
16:03:28 1910 1487 3495 2 0
16:03:29 1913 1480 3503 2 0
16:03:30 1910 1491 3495 2 0
16:03:31 1906 1495 3491 2 0
16:03:32 1902 1483 3506 2 0
16:03:33 1906 1483 3488 2 0
16:03:34 1917 1487 3499 2 0
16:03:35 1910 1476 3499 2 0
16:03:36 1910 1480 3499 2 0
16:03:37 1902 1472 3499 2 0
16:03:38 1921 1472 3503 2 0
16:03:39 1902 1472 3499 2 0
16:03:40 1906 1472 3506 2 0
16:03:41 1906 1468 3491 2 0
16:03:42 1895 1461 3499 2 0
16:03:43 1902 1446 3503 2 0
16:03:44 1902 1446 3503 2 0
16:03:45 1906 1453 3506 2 0
16:03:46 1906 1453 3503 2 0
16:03:47 1917 1461 3506 2 0
16:03:48 1917 1461 3503 2 0
16:03:49 1921 1468 3506 2 0
16:03:50 1921 1465 3506 2 0
16:03:51 1921 1461 3506 2 0
16:03:52 1921 1446 3510 2 0
16:03:53 1917 1453 3506 2 0
16:03:54 1921 1457 3506 2 0
16:03:55 1913 1450 3506 2 0
16:03:56 1917 1446 3506 2 0
16:03:57 1917 1442 3510 2 0
16:03:58 1917 1446 3510 2 0
16:03:59 1917 1450 3506 2 0
16:04:00 1917 1457 3521 2 0
16:04:01 1917 1465 3506 2 0
16:04:02 1917 1461 3514 2 0
16:04:03 1921 1472 3510 2 0
16:04:04 1921 1472 3521 2 0
16:04:05 1917 1472 3525 2 0
16:04:06 1917 1472 3525 2 0
16:04:07 1921 1476 3529 2 0
16:04:08 1913 1472 3525 2 0
16:04:09 1921 1476 3525 2 0
16:04:10 1921 1480 3529 2 0
16:04:11 1921 1483 3532 2 0
16:04:12 1913 1491 3529 2 0
16:04:13 1913 1491 3532 2 0
16:04:14 1910 1491 3532 2 0
16:04:15 1910 1495 3532 2 0
16:04:16 1917 1491 3529 2 0
16:04:17 1913 1502 3529 2 0
16:04:18 1917 1480 3536 2 0
16:04:19 1917 1487 3536 2 0
16:04:20 1913 1487 3529 2 0
16:04:21 1913 1491 3529 2 0
16:04:22 1917 1487 3529 2 0
16:04:23 1913 1487 3529 2 0
16:04:24 1917 1476 3532 2 0
16:04:25 1910 1480 3532 2 0
16:04:26 1910 1476 3536 2 0
16:04:27 1910 1472 3529 2 0
16:04:28 1913 1446 3532 2 0
16:04:29 1910 1442 3532 2 0
16:04:30 1910 1442 3532 2 0
16:04:31 1913 1442 3536 2 0
16:04:32 1906 1435 3536 2 0
16:04:33 1913 1423 3532 2 0
16:04:34 1917 1431 3532 2 0
16:04:35 1913 1431 3536 2 0
16:04:36 1910 1412 3536 2 0
16:04:37 1917 1420 3536 2 0
16:04:38 1906 1423 3536 2 0
16:04:39 1913 1420 3536 2 0
16:04:40 1913 1435 3536 2 0
16:04:41 1913 1435 3536 2 0
16:04:42 1906 1431 3536 2 0
16:04:43 1917 1420 3536 2 0
16:04:44 1910 1435 3536 2 0
16:04:45 1906 1412 3536 2 0
16:04:46 1910 1412 3536 2 0
16:04:47 1910 1412 3536 2 0
16:04:48 1910 1401 3536 2 0
16:04:49 1902 1401 3536 2 0
16:04:50 1910 1405 3536 2 0
16:04:51 1906 1409 3536 2 0
16:04:52 1913 1412 3540 2 0
16:04:53 1906 1412 3540 2 0
16:04:54 1913 1397 3536 2 0
16:04:55 1898 1394 3536 2 0
16:04:56 1906 1397 3540 2 0
16:04:57 1906 1382 3540 2 0
16:04:58 1917 1401 3540 2 0
16:04:59 1898 1401 3536 2 0
16:05:00 1910 1409 3536 2 0
16:05:01 1902 1412 3544 2 0
16:05:02 1902 1412 3540 2 0
16:05:03 1902 1412 3544 2 0
16:05:04 1898 1412 3540 2 0
16:05:05 1891 1416 3536 2 0
16:05:06 1906 1412 3540 2 0
16:05:07 1895 1412 3540 2 0
16:05:08 1891 1412 3536 2 0
16:05:09 1895 1412 3529 2 0
16:05:10 1902 1412 3536 2 0
16:05:11 1898 1416 3532 2 0
16:05:12 1898 1412 3529 2 0
16:05:13 1902 1412 3517 2 0
16:05:14 1906 1409 3525 2 0
16:05:15 1910 1416 3525 2 0
16:05:16 1902 1412 3510 2 0
16:05:17 1895 1412 3514 2 0
16:05:18 1891 1412 3506 2 0
16:05:19 1895 1409 3506 2 0
16:05:20 1898 1412 3510 2 0
16:05:21 1895 1405 3506 2 0
16:05:22 1902 1401 3506 2 0
16:05:23 1898 1405 3506 2 0
16:05:24 1895 1394 3506 2 0
16:05:25 1906 1397 3510 2 0
16:05:26 1895 1405 3506 2 0
16:05:27 1906 1401 3506 2 0
16:05:28 1898 1405 3506 2 0
16:05:29 1910 1412 3514 2 0
16:05:30 1902 1416 3506 2 0
16:05:31 1906 1416 3510 2 0
16:05:32 1891 1412 3510 2 0
16:05:33 1898 1412 3510 2 0
16:05:34 1895 1412 3510 2 0
16:05:35 1910 1420 3506 2 0
16:05:36 1913 1416 3510 2 0
16:05:37 1902 1420 3510 2 0
16:05:38 1898 1412 3506 2 0
16:05:39 1910 1416 3510 2 0
16:05:40 1902 1420 3510 2 0
16:05:41 1898 1420 3506 2 0
16:05:42 1895 1416 3506 2 0
16:05:43 1902 1420 3503 2 0
16:05:44 1906 1416 3503 2 0
16:05:45 1898 1412 3499 2 0
16:05:46 1902 1416 3495 2 0
16:05:47 1891 1416 3491 2 0
16:05:48 1906 1416 3488 2 0
16:05:49 1902 1416 3488 2 0
16:05:50 1902 1416 3488 2 0
16:05:51 1906 1416 3484 2 0
16:05:52 1910 1416 3476 2 0
16:05:53 1906 1416 3476 2 0
16:05:54 1902 1412 3476 2 0
16:05:55 1902 1412 3476 2 0
16:05:56 1895 1416 3476 2 0
16:05:57 1906 1412 3476 2 0
16:05:58 1906 1412 3476 2 0
16:05:59 1902 1420 3476 2 0
16:06:00 1910 1412 3476 2 0
16:06:01 1898 1412 3476 2 0
16:06:02 1910 1412 3476 2 0
16:06:03 1917 1412 3473 2 0
16:06:04 1902 1416 3473 2 0
16:06:05 1902 1416 3473 2 0
16:06:06 1906 1412 3469 2 0
16:06:07 1906 1416 3469 2 0
16:06:08 1906 1412 3458 2 0
16:06:09 1902 1412 3454 2 0
16:06:10 1898 1412 3461 2 0
16:06:11 1898 1412 3446 2 0
16:06:12 1898 1412 3446 2 0
16:06:13 1902 1412 3446 2 0
16:06:14 1902 1412 3450 2 0
16:06:15 1910 1412 3446 2 0
16:06:16 1906 1412 3446 2 0
16:06:17 1902 1416 3446 2 0
16:06:18 1906 1412 3446 2 0
16:06:19 1898 1412 3446 2 0
16:06:20 1906 1412 3446 2 0
16:06:21 1898 1412 3439 2 0
16:06:22 1906 1416 3446 2 0
16:06:23 1910 1412 3446 2 0
16:06:24 1895 1412 3435 2 0
16:06:25 1913 1412 3439 2 0
16:06:26 1913 1412 3435 2 0
16:06:27 1898 1412 3424 2 0
16:06:28 1902 1412 3424 2 0
16:06:29 1906 1412 3420 2 0
16:06:30 1910 1412 3424 2 0
16:06:31 1910 1412 3428 2 0
16:06:32 1902 1412 3417 2 0
16:06:33 1895 1409 3417 2 0
16:06:34 1898 1409 3424 2 0
16:06:35 1906 1412 3417 2 0
16:06:36 1906 1409 3420 2 0
16:06:37 1910 1409 3420 2 0
16:06:38 1910 1405 3417 2 0
16:06:39 1902 1405 3417 2 0
16:06:40 1913 1405 3417 2 0
16:06:41 1906 1390 3417 2 0
16:06:42 1910 1386 3417 2 0
16:06:43 1913 1382 3417 2 0
16:06:44 1902 1382 3420 2 0
16:06:45 1902 1379 3417 2 0
16:06:46 1906 1375 3417 2 0
16:06:47 1898 1382 3417 2 0
16:06:48 1906 1364 3409 2 0
16:06:49 1895 1375 3402 2 0
16:06:50 1898 1379 3405 2 0
16:06:51 1895 1375 3405 2 0
16:06:52 1891 1375 3398 2 0
16:06:53 1902 1360 3390 2 0
16:06:54 1902 1352 3390 2 0
16:06:55 1898 1352 3387 2 0
16:06:56 1902 1356 3387 2 0
16:06:57 1906 1360 3387 2 0
16:06:58 1902 1352 3387 2 0
16:06:59 1898 1352 3387 2 0
16:07:00 1913 1352 3387 2 0
16:07:01 1891 1352 3383 2 0
16:07:02 1902 1352 3379 2 0
16:07:03 1902 1356 3375 2 0
16:07:04 1906 1352 3375 2 0
16:07:05 1898 1349 3372 2 0
16:07:06 1898 1334 3375 2 0
16:07:07 1902 1323 3364 2 0
16:07:08 1898 1323 3364 2 0
16:07:09 1895 1323 3357 2 0
16:07:10 1898 1323 3360 2 0
16:07:11 1898 1308 3364 2 0
16:07:12 1902 1308 3357 2 0
16:07:13 1906 1308 3357 2 0
16:07:14 1902 1300 3360 2 0
16:07:15 1913 1293 3357 2 0
16:07:16 1895 1304 3357 2 0
16:07:17 1906 1296 3357 2 0
16:07:18 1895 1300 3353 2 0
16:07:19 1895 1293 3353 2 0
16:07:20 1891 1293 3342 2 0
16:07:21 1898 1293 3345 2 0
16:07:22 1895 1300 3342 2 0
16:07:23 1891 1293 3338 2 0
16:07:24 1895 1293 3334 2 0
16:07:25 1898 1296 3338 2 0
16:07:26 1898 1293 3331 2 0
16:07:27 1891 1296 3334 2 0
16:07:28 1898 1293 3331 2 0
16:07:29 1895 1293 3327 2 0
16:07:30 1895 1293 3327 2 0
16:07:31 1891 1293 3327 2 0
16:07:32 1891 1293 3319 2 0
16:07:33 1891 1293 3323 2 0
16:07:34 1895 1293 3319 2 0
16:07:35 1895 1293 3304 2 0
16:07:36 1891 1293 3308 2 0
16:07:37 1895 1293 3301 2 0
16:07:38 1891 1293 3297 2 0
16:07:39 1891 1293 3297 2 0
16:07:40 1891 1293 3297 2 0
16:07:41 1891 1293 3297 2 0
16:07:42 1891 1293 3297 2 0
16:07:43 1895 1293 3289 2 0
16:07:44 1895 1289 3289 2 0
16:07:45 1891 1293 3293 2 0
16:07:46 1891 1293 3286 2 0
16:07:47 1891 1293 3278 2 0
16:07:48 1891 1289 3271 2 0
16:07:49 1891 1293 3271 2 0
16:07:50 1891 1293 3267 2 0
16:07:51 1891 1289 3267 2 0
16:07:52 1891 1289 3267 2 0
16:07:53 1895 1278 3267 2 0
16:07:54 1891 1285 3267 2 0
16:07:55 1891 1278 3259 2 0
16:07:56 1891 1278 3252 2 0
16:07:57 1891 1278 3256 2 0
16:07:58 1891 1278 3252 2 0
16:07:59 1891 1274 3241 2 0
16:08:00 1891 1281 3245 2 0
16:08:01 1887 1289 3245 2 0
16:08:02 1891 1278 3237 2 0
16:08:03 1891 1278 3245 2 0
16:08:04 1891 1278 3237 2 0
16:08:05 1891 1281 3241 2 0
16:08:06 1891 1270 3241 2 0
16:08:07 1891 1270 3233 2 0
16:08:08 1883 1281 3230 2 0
16:08:09 1887 1274 3226 2 0
16:08:10 1887 1270 3233 2 0
16:08:11 1883 1270 3222 2 0
16:08:12 1891 1270 3218 2 0
16:08:13 1883 1270 3211 2 0
16:08:14 1887 1270 3211 2 0
16:08:15 1891 1274 3211 2 0
16:08:16 1891 1270 3211 2 0
16:08:17 1891 1266 3215 2 0
16:08:18 1883 1270 3211 2 0
16:08:19 1880 1270 3207 2 0
16:08:20 1883 1266 3207 2 0
16:08:21 1887 1274 3203 2 0
16:08:22 1880 1266 3203 2 0
16:08:23 1891 1266 3196 2 0
16:08:24 1887 1266 3196 2 0
16:08:25 1891 1266 3185 2 0
16:08:26 1887 1263 3188 2 0
16:08:27 1887 1266 3181 2 0
16:08:28 1883 1266 3185 2 0
16:08:29 1887 1278 3185 2 0
16:08:30 1887 1270 3181 2 0
16:08:31 1891 1263 3177 2 0
16:08:32 1891 1266 3177 2 0
16:08:33 1887 1263 3181 2 0
16:08:34 1891 1263 3177 2 0
16:08:35 1887 1263 3177 2 0
16:08:36 1891 1263 3181 2 0
16:08:37 1891 1263 3177 2 0
16:08:38 1891 1263 3177 2 0
16:08:39 1891 1263 3177 2 0
16:08:40 1887 1263 3177 2 0
16:08:41 1887 1263 3177 2 0
16:08:42 1891 1263 3177 2 0
16:08:43 1891 1259 3177 2 0
16:08:44 1891 1263 3173 2 0
16:08:45 1887 1266 3173 2 0
16:08:46 1887 1263 3177 2 0
16:08:47 1891 1255 3177 2 0
16:08:48 1891 1263 3173 2 0
16:08:49 1891 1259 3170 2 0
16:08:50 1891 1255 3166 2 0
16:08:51 1891 1259 3162 2 0
16:08:52 1887 1255 3166 2 0
16:08:53 1887 1255 3162 2 0
16:08:54 1887 1255 3155 2 0
16:08:55 1891 1251 3155 2 0
16:08:56 1883 1263 3159 2 0
16:08:57 1887 1259 3147 2 0
16:08:58 1891 1263 3151 2 0
16:08:59 1891 1255 3147 2 0
16:09:00 1883 1259 3147 2 0
16:09:01 1883 1259 3147 2 0
16:09:02 1887 1255 3147 2 0
16:09:03 1880 1263 3147 2 0
16:09:04 1883 1263 3147 2 0
16:09:05 1883 1259 3147 2 0
16:09:06 1880 1263 3147 2 0
16:09:07 1880 1255 3147 2 0
16:09:08 1876 1255 3144 2 0
16:09:09 1883 1259 3140 2 0
16:09:10 1883 1263 3144 2 0
16:09:11 1887 1266 3144 2 0
16:09:12 1883 1263 3147 2 0
16:09:13 1883 1259 3140 2 0
16:09:14 1883 1255 3144 2 0
16:09:15 1891 1263 3144 2 0
16:09:16 1876 1263 3140 2 0
16:09:17 1883 1263 3140 2 0
16:09:18 1883 1263 3136 2 0
16:09:19 1883 1263 3129 2 0
16:09:20 1883 1263 3129 2 0
16:09:21 1883 1263 3129 2 0
16:09:22 1883 1263 3129 2 0
16:09:23 1883 1263 3129 2 0
16:09:24 1887 1263 3125 2 0
16:09:25 1891 1263 3117 2 0
16:09:26 1887 1263 3117 2 0
16:09:27 1891 1263 3121 2 0
16:09:28 1883 1263 3125 2 0
16:09:29 1883 1263 3117 2 0
16:09:30 1891 1263 3121 2 0
16:09:31 1891 1263 3125 2 0
16:09:32 1891 1263 3132 2 0
16:09:33 1891 1263 3140 2 0
16:09:34 1891 1266 3132 2 0
16:09:35 1887 1263 3140 2 0
16:09:36 1887 1263 3140 2 0
16:09:37 1891 1263 3136 2 0
16:09:38 1891 1263 3132 2 0
16:09:39 1891 1263 3147 2 0
16:09:40 1891 1266 3147 2 0
16:09:41 1891 1263 3147 2 0
16:09:42 1891 1274 3147 2 0
16:09:43 1891 1270 3147 2 0
16:09:44 1891 1270 3147 2 0
16:09:45 1891 1274 3147 2 0
16:09:46 1895 1281 3155 2 0
16:09:47 1898 1281 3151 2 0
16:09:48 1891 1281 3155 2 0
16:09:49 1898 1278 3147 2 0
16:09:50 1891 1285 3147 2 0
16:09:51 1891 1285 3147 2 0
16:09:52 1891 1278 3159 2 0
16:09:53 1891 1274 3155 2 0
16:09:54 1891 1270 3147 2 0
16:09:55 1895 1263 3151 2 0
16:09:56 1895 1270 3151 2 0
16:09:57 1891 1266 3147 2 0
16:09:58 1895 1263 3151 2 0
16:09:59 1891 1263 3147 2 0
16:10:00 1902 1266 3151 2 0
16:10:01 1895 1263 3151 2 0
16:10:02 1891 1263 3147 2 0
16:10:03 1895 1263 3144 2 0
16:10:04 1891 1263 3144 2 0
16:10:05 1895 1266 3147 2 0
16:10:06 1895 1263 3136 2 0
16:10:07 1891 1263 3140 2 0
16:10:08 1895 1266 3132 2 0
16:10:09 1898 1263 3136 2 0
16:10:10 1895 1263 3129 2 0
16:10:11 1898 1259 3125 2 0
16:10:12 1902 1251 3132 2 0
16:10:13 1891 1263 3125 2 0
16:10:14 1891 1259 3117 2 0
16:10:15 1895 1263 3117 2 0
16:10:16 1891 1259 3125 2 0
16:10:17 1891 1263 3117 2 0
16:10:18 1891 1251 3117 2 0
16:10:19 1891 1248 3117 2 0
16:10:20 1891 1263 3117 2 0
16:10:21 1891 1259 3117 2 0
16:10:22 1891 1259 3117 2 0
16:10:23 1891 1263 3117 2 0
16:10:24 1891 1263 3117 2 0
16:10:25 1891 1263 3121 2 0
16:10:26 1891 1263 3117 2 0
16:10:27 1891 1263 3117 2 0
16:10:28 1891 1263 3117 2 0
16:10:29 1891 1263 3117 2 0
16:10:30 1891 1263 3117 2 0
16:10:31 1891 1263 3117 2 0
16:10:32 1891 1263 3117 2 0
16:10:33 1891 1263 3117 2 0
16:10:34 1891 1263 3117 2 0
16:10:35 1891 1263 3117 2 0
16:10:36 1895 1263 3117 2 0
16:10:37 1891 1263 3117 2 0
16:10:38 1891 1263 3117 2 0
16:10:39 1891 1263 3117 2 0
16:10:40 1891 1263 3117 2 0
16:10:41 1891 1263 3117 2 0
16:10:42 1891 1266 3117 2 0
16:10:43 1891 1263 3117 2 0
16:10:44 1891 1263 3117 2 0
16:10:45 1891 1263 3117 2 0
16:10:46 1891 1263 3117 2 0
16:10:47 1891 1263 3117 2 0
16:10:48 1891 1263 3117 2 0
16:10:49 1891 1263 3117 2 0
16:10:50 1891 1263 3117 2 0
16:10:51 1891 1263 3117 2 0
16:10:52 1891 1263 3114 2 0
16:10:53 1895 1263 3117 2 0
16:10:54 1891 1263 3117 2 0
16:10:55 1891 1263 3117 2 0
16:10:56 1891 1263 3117 2 0
16:10:57 1891 1263 3117 2 0
16:10:58 1895 1263 3117 2 0
16:10:59 1891 1263 3117 2 0
16:11:00 1891 1263 3117 2 0
16:11:01 1891 1263 3114 2 0
16:11:02 1891 1263 3117 2 0
16:11:03 1891 1263 3114 2 0
16:11:04 1891 1263 3114 2 0
16:11:05 1891 1259 3114 2 0
16:11:06 1891 1263 3117 2 0
16:11:07 1891 1263 3117 2 0
16:11:08 1891 1266 3117 2 0
16:11:09 1891 1266 3114 2 0
16:11:10 1891 1263 3117 2 0
16:11:11 1895 1263 3114 2 0
16:11:12 1891 1263 3117 2 0
16:11:13 1891 1263 3114 2 0
16:11:14 1891 1263 3117 2 0
16:11:15 1891 1266 3117 2 0
16:11:16 1891 1263 3117 2 0
16:11:17 1891 1263 3114 2 0
16:11:18 1891 1270 3110 2 0
16:11:19 1891 1263 3117 2 0
16:11:20 1891 1263 3114 2 0
16:11:21 1891 1263 3117 2 0
16:11:22 1891 1266 3117 2 0
16:11:23 1891 1263 3117 2 0
16:11:24 1891 1263 3117 2 0
16:11:25 1891 1263 3117 2 0
16:11:26 1891 1263 3117 2 0
16:11:27 1891 1263 3117 2 0
16:11:28 1891 1263 3117 2 0
16:11:29 1891 1266 3117 2 0
16:11:30 1891 1263 3117 2 0
16:11:31 1895 1263 3117 2 0
16:11:32 1891 1263 3117 2 0
16:11:33 1891 1263 3117 2 0
16:11:34 1891 1263 3117 2 0
16:11:35 1891 1263 3117 2 0
16:11:36 1891 1266 3117 2 0
16:11:37 1891 1266 3117 2 0
16:11:38 1891 1266 3117 2 0
16:11:39 1895 1270 3117 2 0
16:11:40 1891 1263 3117 2 0
16:11:41 1895 1263 3117 2 0
16:11:42 1895 1266 3117 2 0
16:11:43 1895 1270 3117 2 0
16:11:44 1891 1263 3117 2 0
16:11:45 1891 1266 3117 2 0
16:11:46 1891 1270 3117 2 0
16:11:47 1891 1266 3121 2 0
16:11:48 1891 1263 3117 2 0
16:11:49 1895 1266 3117 2 0
16:11:50 1891 1263 3117 2 0
16:11:51 1895 1266 3117 2 0
16:11:52 1891 1266 3117 2 0
16:11:53 1895 1263 3117 2 0
16:11:54 1895 1270 3117 2 0
16:11:55 1895 1263 3114 2 0
16:11:56 1895 1263 3117 2 0
16:11:57 1895 1266 3117 2 0
16:11:58 1895 1263 3117 2 0
16:11:59 1891 1266 3117 2 0
16:12:00 1891 1266 3114 2 0
16:12:01 1895 1266 3114 2 0
16:12:02 1891 1266 3117 2 0
16:12:03 1891 1266 3117 2 0
16:12:04 1891 1270 3117 2 0
16:12:05 1891 1263 3110 2 0
16:12:06 1891 1263 3117 2 0
16:12:07 1891 1263 3117 2 0
16:12:08 1891 1263 3114 2 0
16:12:09 1891 1270 3114 2 0
16:12:10 1891 1266 3110 2 0
16:12:11 1891 1266 3117 2 0
16:12:12 1891 1263 3114 2 0
16:12:13 1895 1270 3099 2 0
16:12:14 1891 1263 3114 2 0
16:12:15 1895 1266 3114 2 0
16:12:16 1891 1266 3106 2 0
16:12:17 1891 1266 3106 2 0
16:12:18 1891 1263 3110 2 0
16:12:19 1891 1266 3114 2 0
16:12:20 1891 1266 3099 2 0
16:12:21 1891 1263 3095 2 0
16:12:22 1891 1266 3106 2 0
16:12:23 1891 1266 3099 2 0
16:12:24 1895 1263 3102 2 0
16:12:25 1891 1278 3110 2 0
16:12:26 1891 1263 3106 2 0
16:12:27 1891 1266 3102 2 0
16:12:28 1891 1263 3106 2 0
16:12:29 1891 1266 3110 2 0
16:12:30 1891 1263 3106 2 0
16:12:31 1891 1263 3106 2 0
16:12:32 1891 1266 3102 2 0
16:12:33 1891 1266 3102 2 0
16:12:34 1891 1266 3106 2 0
16:12:35 1891 1270 3106 2 0
16:12:36 1891 1263 3102 2 0
16:12:37 1891 1266 3106 2 0
16:12:38 1891 1263 3110 2 0
16:12:39 1891 1266 3110 2 0
16:12:40 1891 1266 3110 2 0
16:12:41 1891 1263 3106 2 0
16:12:42 1891 1266 3106 2 0
16:12:43 1891 1266 3114 2 0
16:12:44 1891 1263 3102 2 0
16:12:45 1891 1263 3106 2 0
16:12:46 1891 1263 3110 2 0
16:12:47 1891 1263 3117 2 0
16:12:48 1891 1263 3110 2 0
16:12:49 1891 1263 3102 2 0
16:12:50 1891 1266 3102 2 0
16:12:51 1891 1266 3099 2 0
16:12:52 1891 1263 3106 2 0
16:12:53 1891 1263 3102 2 0
16:12:54 1891 1263 3106 2 0
16:12:55 1891 1263 3102 2 0
16:12:56 1891 1259 3106 2 0
16:12:57 1891 1263 3095 2 0
16:12:58 1891 1266 3110 2 0
16:12:59 1887 1263 3106 2 0
16:13:00 1891 1263 3099 2 0
16:13:01 1891 1266 3106 2 0
16:13:02 1891 1263 3091 2 0
16:13:03 1891 1263 3099 2 0
16:13:04 1883 1263 3095 2 0
16:13:05 1887 1263 3095 2 0
16:13:06 1887 1274 3102 2 0
16:13:07 1887 1263 3095 2 0
16:13:08 1887 1263 3095 2 0
16:13:09 1887 1266 3095 2 0
16:13:10 1891 1263 3106 2 0
16:13:11 1887 1263 3106 2 0
16:13:12 1887 1266 3099 2 0
16:13:13 1883 1266 3095 2 0
16:13:14 1891 1263 3091 2 0
16:13:15 1876 1270 3099 2 0
16:13:16 1887 1263 3087 2 0
16:13:17 1876 1263 3091 2 0
16:13:18 1876 1274 3087 2 0
16:13:19 1887 1263 3087 2 0
16:13:20 1880 1274 3087 2 0
16:13:21 1880 1270 3087 2 0
16:13:22 1876 1270 3091 2 0
16:13:23 1880 1263 3095 2 0
16:13:24 1872 1266 3087 2 0
16:13:25 1876 1266 3091 2 0
16:13:26 1880 1263 3087 2 0
16:13:27 1872 1266 3087 2 0
16:13:28 1872 1266 3087 2 0
16:13:29 1865 1263 3087 2 0
16:13:30 1868 1266 3091 2 0
16:13:31 1865 1266 3091 2 0
16:13:32 1872 1263 3087 2 0
16:13:33 1865 1263 3087 2 0
16:13:34 1865 1263 3087 2 0
16:13:35 1872 1263 3087 2 0
16:13:36 1872 1266 3095 2 0
16:13:37 1868 1266 3087 2 0
16:13:38 1876 1263 3095 2 0
16:13:39 1868 1263 3091 2 0
16:13:40 1880 1263 3091 2 0
16:13:41 1861 1263 3087 2 0
16:13:42 1876 1263 3091 2 0
16:13:43 1872 1263 3091 2 0
16:13:44 1865 1263 3087 2 0
16:13:45 1876 1263 3087 2 0
16:13:46 1868 1263 3087 2 0
16:13:47 1868 1263 3087 2 0
16:13:48 1868 1263 3087 2 0
16:13:49 1868 1263 3091 2 0
16:13:50 1865 1263 3091 2 0
16:13:51 1868 1263 3091 2 0
16:13:52 1872 1263 3087 2 0
16:13:53 1868 1263 3087 2 0
16:13:54 1861 1263 3091 2 0
16:13:55 1865 1266 3091 2 0
16:13:56 1876 1263 3095 2 0
16:13:57 1872 1259 3087 2 0
16:13:58 1876 1259 3099 2 0
16:13:59 1880 1255 3095 2 0
16:14:00 1868 1259 3099 2 0
16:14:01 1872 1251 3106 2 0
16:14:02 1868 1244 3099 2 0
16:14:03 1868 1251 3106 2 0
16:14:04 1865 1233 3110 2 0
16:14:05 1883 1233 3102 2 0
16:14:06 1868 1240 3114 2 0
16:14:07 1887 1237 3110 2 0
16:14:08 1880 1233 3117 2 0
16:14:09 1872 1233 3117 2 0
16:14:10 1883 1233 3110 2 0
16:14:11 1868 1233 3117 2 0
16:14:12 1872 1233 3110 2 0
16:14:13 1883 1233 3114 2 0
16:14:14 1880 1229 3117 2 0
16:14:15 1880 1225 3117 2 0
16:14:16 1880 1222 3117 2 0
16:14:17 1887 1233 3117 2 0
16:14:18 1883 1218 3117 2 0
16:14:19 1887 1222 3117 2 0
16:14:20 1876 1229 3117 2 0
16:14:21 1876 1214 3117 2 0
16:14:22 1887 1207 3117 2 0
16:14:23 1883 1222 3117 2 0
16:14:24 1880 1218 3121 2 0
16:14:25 1880 1218 3121 2 0
16:14:26 1868 1210 3117 2 0
16:14:27 1880 1214 3117 2 0
16:14:28 1868 1222 3117 2 0
16:14:29 1880 1207 3117 2 0
16:14:30 1883 1233 3121 2 0
16:14:31 1872 1229 3117 2 0
16:14:32 1883 1233 3121 2 0
16:14:33 1883 1225 3125 2 0
16:14:34 1883 1225 3117 2 0
16:14:35 1883 1222 3117 2 0
16:14:36 1872 1229 3121 2 0
16:14:37 1883 1233 3117 2 0
16:14:38 1887 1229 3121 2 0
16:14:39 1880 1225 3125 2 0
16:14:40 1887 1233 3121 2 0
16:14:41 1880 1233 3121 2 0
16:14:42 1883 1233 3121 2 0
16:14:43 1891 1233 3125 2 0
16:14:44 1887 1233 3121 2 0
16:14:45 1883 1233 3121 2 0
16:14:46 1883 1233 3121 2 0
16:14:47 1883 1233 3117 2 0
16:14:48 1880 1233 3129 2 0
16:14:49 1876 1233 3125 2 0
16:14:50 1883 1233 3121 2 0
16:14:51 1883 1233 3121 2 0
16:14:52 1887 1233 3125 2 0
16:14:53 1887 1233 3125 2 0
16:14:54 1883 1233 3125 2 0
16:14:55 1883 1237 3117 2 0
16:14:56 1883 1237 3121 2 0
16:14:57 1880 1233 3129 2 0
16:14:58 1876 1233 3117 2 0
16:14:59 1880 1237 3125 2 0
16:15:00 1876 1233 3117 2 0
16:15:01 1876 1240 3125 2 0
16:15:02 1887 1237 3117 2 0
16:15:03 1876 1233 3117 2 0
16:15:04 1883 1233 3121 2 0
16:15:05 1876 1233 3121 2 0
16:15:06 1876 1233 3125 2 0
16:15:07 1872 1240 3117 2 0
16:15:08 1876 1237 3121 2 0
16:15:09 1883 1233 3125 2 0
16:15:10 1883 1233 3121 2 0
16:15:11 1887 1233 3117 2 0
16:15:12 1880 1237 3117 2 0
16:15:13 1876 1237 3117 2 0
16:15:14 1876 1233 3121 2 0
16:15:15 1872 1233 3121 2 0
16:15:16 1876 1233 3117 2 0
16:15:17 1868 1237 3121 2 0
16:15:18 1876 1233 3117 2 0
16:15:19 1868 1233 3117 2 0
16:15:20 1865 1233 3117 2 0
16:15:21 1868 1233 3117 2 0
16:15:22 1868 1233 3117 2 0
16:15:23 1872 1237 3117 2 0
16:15:24 1868 1233 3117 2 0
16:15:25 1872 1233 3117 2 0
16:15:26 1868 1237 3117 2 0
16:15:27 1868 1233 3117 2 0
16:15:28 1872 1233 3117 2 0
16:15:29 1868 1237 3117 2 0
16:15:30 1865 1233 3117 2 0
16:15:31 1865 1237 3117 2 0
16:15:32 1861 1233 3117 2 0
16:15:33 1861 1233 3117 2 0
16:15:34 1868 1233 3117 2 0
16:15:35 1861 1233 3117 2 0
16:15:36 1876 1233 3117 2 0
16:15:37 1872 1233 3117 2 0
16:15:38 1868 1233 3117 2 0
16:15:39 1868 1233 3117 2 0
16:15:40 1876 1244 3125 2 0
16:15:41 1868 1244 3125 2 0
16:15:42 1872 1237 3121 2 0
16:15:43 1868 1233 3132 2 0
16:15:44 1872 1233 3132 2 0
16:15:45 1876 1240 3140 2 0
16:15:46 1865 1237 3136 2 0
16:15:47 1865 1233 3140 2 0
16:15:48 1880 1240 3140 2 0
16:15:49 1868 1233 3144 2 0
16:15:50 1865 1237 3147 2 0
16:15:51 1865 1240 3144 2 0
16:15:52 1876 1237 3147 2 0
16:15:53 1865 1233 3151 2 0
16:15:54 1872 1233 3147 2 0
16:15:55 1868 1233 3144 2 0
16:15:56 1865 1240 3144 2 0
16:15:57 1872 1233 3147 2 0
16:15:58 1865 1233 3144 2 0
16:15:59 1865 1237 3144 2 0
16:16:00 1868 1237 3147 2 0
16:16:01 1865 1233 3147 2 0
16:16:02 1865 1233 3144 2 0
16:16:03 1865 1240 3147 2 0
16:16:04 1861 1233 3147 2 0
16:16:05 1865 1237 3147 2 0
16:16:06 1868 1233 3144 2 0
16:16:07 1865 1233 3151 2 0
16:16:08 1868 1233 3144 2 0
16:16:09 1865 1233 3147 2 0
16:16:10 1865 1233 3155 2 0
16:16:11 1861 1240 3147 2 0
16:16:12 1872 1233 3147 2 0
16:16:13 1868 1240 3147 2 0
16:16:14 1865 1240 3144 2 0
16:16:15 1868 1240 3147 2 0
16:16:16 1865 1244 3144 2 0
16:16:17 1868 1237 3147 2 0
16:16:18 1865 1244 3144 2 0
16:16:19 1865 1240 3147 2 0
16:16:20 1865 1240 3151 2 0
16:16:21 1861 1233 3147 2 0
16:16:22 1861 1237 3147 2 0
16:16:23 1865 1237 3147 2 0
16:16:24 1868 1244 3151 2 0
16:16:25 1861 1244 3151 2 0
16:16:26 1861 1240 3147 2 0
16:16:27 1865 1237 3147 2 0
16:16:28 1861 1248 3147 2 0
16:16:29 1861 1233 3144 2 0
16:16:30 1868 1237 3151 2 0
16:16:31 1865 1237 3147 2 0
16:16:32 1861 1237 3159 2 0
16:16:33 1861 1237 3147 2 0
16:16:34 1861 1237 3147 2 0
16:16:35 1865 1233 3147 2 0
16:16:36 1861 1237 3151 2 0
16:16:37 1865 1237 3147 2 0
16:16:38 1861 1233 3147 2 0
16:16:39 1865 1240 3147 2 0
16:16:40 1865 1237 3147 2 0
16:16:41 1865 1237 3151 2 0
16:16:42 1861 1233 3147 2 0
16:16:43 1861 1233 3147 2 0
16:16:44 1861 1240 3147 2 0
16:16:45 1865 1233 3147 2 0
16:16:46 1861 1237 3147 2 0
16:16:47 1861 1233 3147 2 0
16:16:48 1861 1237 3151 2 0
16:16:49 1865 1237 3151 2 0
16:16:50 1861 1240 3147 2 0
16:16:51 1861 1237 3144 2 0
16:16:52 1861 1237 3147 2 0
16:16:53 1861 1233 3147 2 0
16:16:54 1861 1233 3147 2 0
16:16:55 1865 1233 3155 2 0
16:16:56 1861 1233 3147 2 0
16:16:57 1861 1233 3147 2 0
16:16:58 1865 1233 3144 2 0
16:16:59 1861 1237 3140 2 0
16:17:00 1861 1233 3147 2 0
16:17:01 1872 1233 3132 2 0
16:17:02 1861 1233 3140 2 0
16:17:03 1861 1233 3129 2 0
16:17:04 1861 1237 3125 2 0
16:17:05 1861 1233 3117 2 0
16:17:06 1861 1218 3117 2 0
16:17:07 1846 1210 3110 2 0
16:17:08 1842 1207 3095 2 0
16:17:09 1831 1199 3091 2 0
16:17:10 1824 1173 3054 2 0
16:17:11 1812 1162 3035 2 0
16:17:12 1812 1147 3020 2 0
16:17:13 1801 1136 2998 2 0
16:17:14 1801 1109 2945 2 0
16:17:15 1801 1087 2938 2 0
16:17:16 1794 1083 2908 2 0
16:17:17 1779 1072 2886 2 0
16:17:18 1771 1050 2848 2 0
16:17:19 1771 1023 2818 2 0
16:17:20 1771 1020 2788 2 0
16:17:21 1764 993 2758 2 0
16:17:22 1745 975 2729 2 0
16:17:23 1719 934 2646 2 0
16:17:24 1711 915 2605 2 0
16:17:25 1711 904 2575 2 0
16:17:26 1711 885 2549 2 0
16:17:27 1711 855 2485 2 0
16:17:28 1704 844 2459 2 0
16:17:29 1682 818 2411 2 0
16:17:30 1682 814 2381 2 0
16:17:31 1682 799 2340 2 0
16:17:32 1678 784 2280 2 0
16:17:33 1678 762 2265 2 0
16:17:34 1682 754 2250 2 0
16:17:35 1682 754 2224 2 0
16:17:36 1652 724 2156 2 0
16:17:37 1652 713 2126 2 0
16:17:38 1652 702 2093 2 0
16:17:39 1648 691 2070 2 0
16:17:40 1652 702 2067 2 0
16:17:41 1711 724 2082 2 0
16:17:42 1723 732 2097 2 0
16:17:43 1741 750 2100 2 0
16:17:44 1745 735 2097 2 0
16:17:45 1723 724 2070 2 0
16:17:46 1711 724 2040 2 0
16:17:47 1711 724 2037 2 0
16:17:48 1708 724 2037 2 0
16:17:49 1715 724 2040 2 0
16:17:50 1741 754 2044 2 0
16:17:51 1745 754 2055 2 0
16:17:52 1771 773 2070 2 0
16:17:53 1775 784 2074 2 0
16:17:54 1794 792 2100 2 0
16:17:55 1801 814 2112 2 0
16:17:56 1809 821 2126 2 0
16:17:57 1805 825 2130 2 0
16:17:58 1801 833 2138 2 0
16:17:59 1801 844 2149 2 0
16:18:00 1801 844 2160 2 0
16:18:01 1801 855 2164 2 0
16:18:02 1805 855 2171 2 0
16:18:03 1801 874 2179 2 0
16:18:04 1801 878 2183 2 0
16:18:05 1801 874 2186 2 0
16:18:06 1805 885 2198 2 0
16:18:07 1809 885 2212 2 0
16:18:08 1816 904 2224 2 0
16:18:09 1812 907 2224 2 0
16:18:10 1820 904 2231 2 0
16:18:11 1812 922 2242 2 0
16:18:12 1816 934 2250 2 0
16:18:13 1805 930 2257 2 0
16:18:14 1816 934 2257 2 0
16:18:15 1820 934 2261 2 0
16:18:16 1812 937 2280 2 0
16:18:17 1816 952 2284 2 0
16:18:18 1816 956 2287 2 0
16:18:19 1812 956 2302 2 0
16:18:20 1809 960 2313 2 0
16:18:21 1816 964 2310 2 0
16:18:22 1827 979 2332 2 0
16:18:23 1835 986 2336 2 0
16:18:24 1831 993 2340 2 0
16:18:25 1835 993 2347 2 0
16:18:26 1835 993 2366 2 0
16:18:27 1831 1008 2370 2 0
16:18:28 1831 1020 2381 2 0
16:18:29 1831 1020 2388 2 0
16:18:30 1831 1023 2396 2 0
16:18:31 1831 1023 2399 2 0
16:18:32 1827 1027 2403 2 0
16:18:33 1831 1027 2407 2 0
16:18:34 1824 1023 2403 2 0
16:18:35 1827 1023 2422 2 0
16:18:36 1827 1023 2426 2 0
16:18:37 1827 1023 2433 2 0
16:18:38 1831 1031 2429 2 0
16:18:39 1835 1031 2448 2 0
16:18:40 1831 1038 2444 2 0
16:18:41 1831 1050 2452 2 0
16:18:42 1831 1046 2463 2 0
16:18:43 1831 1053 2467 2 0
16:18:44 1831 1057 2467 2 0
16:18:45 1831 1053 2470 2 0
16:18:46 1831 1053 2467 2 0
16:18:47 1831 1053 2482 2 0
16:18:48 1831 1053 2489 2 0
16:18:49 1831 1061 2489 2 0
16:18:50 1831 1068 2489 2 0
16:18:51 1831 1072 2497 2 0
16:18:52 1831 1065 2504 2 0
16:18:53 1831 1079 2519 2 0
16:18:54 1831 1083 2519 2 0
16:18:55 1831 1083 2519 2 0
16:18:56 1831 1083 2519 2 0
16:18:57 1831 1083 2523 2 0
16:18:58 1831 1083 2530 2 0
16:18:59 1831 1083 2545 2 0
16:19:00 1831 1083 2534 2 0
16:19:01 1831 1083 2549 2 0
16:19:02 1831 1087 2549 2 0
16:19:03 1831 1083 2549 2 0
16:19:04 1831 1087 2553 2 0
16:19:05 1831 1087 2549 2 0
16:19:06 1831 1094 2556 2 0
16:19:07 1831 1098 2575 2 0
16:19:08 1831 1094 2571 2 0
16:19:09 1831 1098 2579 2 0
16:19:10 1831 1109 2583 2 0
16:19:11 1831 1109 2594 2 0
16:19:12 1831 1106 2590 2 0
16:19:13 1831 1109 2609 2 0
16:19:14 1831 1113 2598 2 0
16:19:15 1831 1113 2609 2 0
16:19:16 1831 1113 2609 2 0
16:19:17 1831 1113 2609 2 0
16:19:18 1835 1113 2613 2 0
16:19:19 1839 1113 2613 2 0
16:19:20 1831 1113 2616 2 0
16:19:21 1831 1113 2635 2 0
16:19:22 1831 1113 2631 2 0
16:19:23 1831 1113 2635 2 0
16:19:24 1835 1117 2639 2 0
16:19:25 1831 1124 2650 2 0
16:19:26 1839 1113 2639 2 0
16:19:27 1831 1117 2646 2 0
16:19:28 1831 1113 2654 2 0
16:19:29 1831 1113 2654 2 0
16:19:30 1831 1117 2665 2 0
16:19:31 1831 1113 2665 2 0
16:19:32 1831 1113 2669 2 0
16:19:33 1831 1113 2669 2 0
16:19:34 1831 1117 2672 2 0
16:19:35 1835 1113 2669 2 0
16:19:36 1831 1113 2672 2 0
16:19:37 1831 1113 2669 2 0
16:19:38 1831 1109 2669 2 0
16:19:39 1831 1109 2672 2 0
16:19:40 1831 1109 2672 2 0
16:19:41 1831 1109 2684 2 0
16:19:42 1831 1113 2684 2 0
16:19:43 1831 1113 2695 2 0
16:19:44 1831 1113 2695 2 0
16:19:45 1831 1113 2695 2 0
16:19:46 1831 1113 2699 2 0
16:19:47 1831 1113 2699 2 0
16:19:48 1831 1113 2699 2 0
16:19:49 1831 1113 2702 2 0
16:19:50 1831 1117 2706 2 0
16:19:51 1831 1121 2706 2 0
16:19:52 1831 1121 2714 2 0
16:19:53 1835 1113 2710 2 0
16:19:54 1835 1121 2729 2 0
16:19:55 1835 1128 2729 2 0
16:19:56 1831 1132 2729 2 0
16:19:57 1831 1139 2729 2 0
16:19:58 1835 1139 2729 2 0
16:19:59 1835 1143 2736 2 0
16:20:00 1831 1128 2729 2 0
16:20:01 1835 1143 2736 2 0
16:20:02 1839 1143 2736 2 0
16:20:03 1842 1139 2732 2 0
16:20:04 1831 1143 2729 2 0
16:20:05 1831 1139 2743 2 0
16:20:06 1835 1143 2729 2 0
16:20:07 1835 1139 2755 2 0
16:20:08 1835 1143 2743 2 0
16:20:09 1831 1143 2747 2 0
16:20:10 1831 1143 2758 2 0
16:20:11 1831 1143 2758 2 0
16:20:12 1831 1143 2758 2 0
16:20:13 1831 1147 2758 2 0
16:20:14 1831 1143 2762 2 0
16:20:15 1831 1143 2758 2 0
16:20:16 1831 1143 2766 2 0
16:20:17 1831 1143 2758 2 0
16:20:18 1831 1143 2758 2 0
16:20:19 1831 1147 2762 2 0
16:20:20 1831 1147 2762 2 0
16:20:21 1831 1143 2762 2 0
16:20:22 1831 1143 2762 2 0
16:20:23 1835 1143 2770 2 0
16:20:24 1835 1147 2762 2 0
16:20:25 1831 1143 2766 2 0
16:20:26 1835 1143 2762 2 0
16:20:27 1831 1143 2766 2 0
16:20:28 1831 1143 2758 2 0
16:20:29 1831 1147 2766 2 0
16:20:30 1831 1143 2770 2 0
16:20:31 1831 1147 2766 2 0
16:20:32 1835 1139 2766 2 0
16:20:33 1831 1147 2770 2 0
16:20:34 1831 1143 2766 2 0
16:20:35 1831 1143 2762 2 0
16:20:36 1839 1143 2770 2 0
16:20:37 1831 1139 2766 2 0
16:20:38 1831 1143 2770 2 0
16:20:39 1835 1143 2777 2 0
16:20:40 1831 1143 2777 2 0
16:20:41 1835 1147 2781 2 0
16:20:42 1831 1143 2781 2 0
16:20:43 1831 1143 2785 2 0
16:20:44 1835 1147 2785 2 0
16:20:45 1839 1143 2785 2 0
16:20:46 1831 1151 2792 2 0
16:20:47 1831 1151 2792 2 0
16:20:48 1831 1147 2788 2 0
16:20:49 1835 1147 2788 2 0
16:20:50 1831 1147 2788 2 0
16:20:51 1831 1151 2788 2 0
16:20:52 1831 1154 2788 2 0
16:20:53 1835 1151 2796 2 0
16:20:54 1831 1154 2796 2 0
16:20:55 1831 1158 2803 2 0
16:20:56 1831 1151 2807 2 0
16:20:57 1835 1158 2811 2 0
16:20:58 1831 1158 2803 2 0
16:20:59 1831 1158 2818 2 0
16:21:00 1831 1162 2807 2 0
16:21:01 1831 1162 2815 2 0
16:21:02 1831 1158 2811 2 0
16:21:03 1831 1165 2815 2 0
16:21:04 1831 1169 2818 2 0
16:21:05 1839 1169 2822 2 0
16:21:06 1831 1165 2822 2 0
16:21:07 1835 1173 2822 2 0
16:21:08 1835 1173 2818 2 0
16:21:09 1839 1173 2818 2 0
16:21:10 1839 1169 2818 2 0
16:21:11 1831 1173 2818 2 0
16:21:12 1835 1173 2818 2 0
16:21:13 1831 1173 2822 2 0
16:21:14 1831 1173 2818 2 0
16:21:15 1831 1173 2822 2 0
16:21:16 1831 1173 2822 2 0
16:21:17 1831 1173 2826 2 0
16:21:18 1831 1173 2829 2 0
16:21:19 1835 1173 2826 2 0
16:21:20 1835 1177 2829 2 0
16:21:21 1835 1173 2822 2 0
16:21:22 1835 1173 2833 2 0
16:21:23 1831 1177 2833 2 0
16:21:24 1835 1173 2833 2 0
16:21:25 1831 1173 2841 2 0
16:21:26 1831 1173 2848 2 0
16:21:27 1835 1173 2841 2 0
16:21:28 1831 1173 2841 2 0
16:21:29 1839 1173 2837 2 0
16:21:30 1831 1173 2848 2 0
16:21:31 1835 1173 2848 2 0
16:21:32 1831 1173 2848 2 0
16:21:33 1831 1177 2844 2 0
16:21:34 1831 1173 2848 2 0
16:21:35 1831 1173 2848 2 0
16:21:36 1835 1173 2848 2 0
16:21:37 1831 1173 2848 2 0
16:21:38 1835 1173 2848 2 0
16:21:39 1835 1177 2848 2 0
16:21:40 1831 1173 2848 2 0
16:21:41 1831 1173 2848 2 0
16:21:42 1831 1180 2848 2 0
16:21:43 1831 1173 2848 2 0
16:21:44 1835 1177 2848 2 0
16:21:45 1831 1173 2848 2 0
16:21:46 1831 1173 2848 2 0
16:21:47 1831 1177 2852 2 0
16:21:48 1831 1173 2848 2 0
16:21:49 1831 1173 2848 2 0
16:21:50 1831 1173 2848 2 0
16:21:51 1831 1177 2848 2 0
16:21:52 1831 1177 2848 2 0
16:21:53 1831 1173 2848 2 0
16:21:54 1831 1177 2848 2 0
16:21:55 1831 1173 2848 2 0
16:21:56 1831 1173 2848 2 0
16:21:57 1831 1173 2848 2 0
16:21:58 1831 1173 2848 2 0
16:21:59 1831 1173 2856 2 0
16:22:00 1831 1173 2848 2 0
16:22:01 1831 1177 2848 2 0
16:22:02 1831 1177 2852 2 0
16:22:03 1831 1173 2848 2 0
16:22:04 1831 1173 2848 2 0
16:22:05 1831 1173 2848 2 0
16:22:06 1831 1173 2848 2 0
16:22:07 1831 1173 2852 2 0
16:22:08 1831 1173 2848 2 0
16:22:09 1831 1173 2848 2 0
16:22:10 1835 1173 2852 2 0
16:22:11 1831 1173 2848 2 0
16:22:12 1831 1173 2848 2 0
16:22:13 1831 1173 2848 2 0
16:22:14 1831 1173 2852 2 0
16:22:15 1831 1173 2852 2 0
16:22:16 1831 1173 2852 2 0
16:22:17 1831 1173 2852 2 0
16:22:18 1831 1173 2856 2 0
16:22:19 1839 1173 2848 2 0
16:22:20 1831 1173 2856 2 0
16:22:21 1831 1177 2848 2 0
16:22:22 1831 1173 2852 2 0
16:22:23 1835 1173 2856 2 0
16:22:24 1831 1173 2859 2 0
16:22:25 1831 1173 2852 2 0
16:22:26 1831 1173 2859 2 0
16:22:27 1831 1173 2859 2 0
16:22:28 1835 1180 2856 2 0
16:22:29 1835 1173 2859 2 0
16:22:30 1831 1177 2863 2 0
16:22:31 1831 1173 2867 2 0
16:22:32 1831 1177 2863 2 0
16:22:33 1831 1173 2863 2 0
16:22:34 1831 1173 2856 2 0
16:22:35 1831 1184 2871 2 0
16:22:36 1831 1180 2867 2 0
16:22:37 1835 1177 2859 2 0
16:22:38 1831 1173 2867 2 0
16:22:39 1835 1184 2863 2 0
16:22:40 1831 1180 2878 2 0
16:22:41 1835 1177 2871 2 0
16:22:42 1839 1180 2874 2 0
16:22:43 1835 1180 2874 2 0
16:22:44 1835 1184 2878 2 0
16:22:45 1835 1184 2874 2 0
16:22:46 1831 1177 2867 2 0
16:22:47 1835 1177 2874 2 0
16:22:48 1831 1177 2871 2 0
16:22:49 1831 1173 2867 2 0
16:22:50 1831 1180 2874 2 0
16:22:51 1835 1173 2878 2 0
16:22:52 1835 1177 2871 2 0
16:22:53 1835 1173 2871 2 0
16:22:54 1839 1180 2874 2 0
16:22:55 1831 1173 2878 2 0
16:22:56 1835 1173 2882 2 0
16:22:57 1835 1173 2878 2 0
16:22:58 1835 1180 2882 2 0
16:22:59 1835 1173 2878 2 0
16:23:00 1831 1177 2878 2 0
16:23:01 1831 1177 2874 2 0
16:23:02 1835 1180 2878 2 0
16:23:03 1831 1173 2878 2 0
16:23:04 1835 1177 2878 2 0
16:23:05 1839 1180 2878 2 0
16:23:06 1835 1180 2878 2 0
16:23:07 1831 1177 2878 2 0
16:23:08 1835 1173 2878 2 0
16:23:09 1831 1173 2878 2 0
16:23:10 1831 1173 2886 2 0
16:23:11 1835 1173 2878 2 0
16:23:12 1839 1173 2878 2 0
16:23:13 1835 1180 2878 2 0
16:23:14 1835 1184 2878 2 0
16:23:15 1835 1180 2878 2 0
16:23:16 1831 1184 2878 2 0
16:23:17 1831 1173 2882 2 0
16:23:18 1835 1173 2886 2 0
16:23:19 1835 1177 2878 2 0
16:23:20 1839 1180 2889 2 0
16:23:21 1831 1180 2893 2 0
16:23:22 1835 1192 2882 2 0
16:23:23 1835 1188 2889 2 0
16:23:24 1835 1192 2882 2 0
16:23:25 1831 1177 2882 2 0
16:23:26 1831 1192 2882 2 0
16:23:27 1835 1184 2886 2 0
16:23:28 1835 1184 2878 2 0
16:23:29 1835 1188 2893 2 0
16:23:30 1839 1184 2893 2 0
16:23:31 1831 1195 2897 2 0
16:23:32 1839 1180 2897 2 0
16:23:33 1835 1188 2897 2 0
16:23:34 1831 1184 2893 2 0
16:23:35 1839 1188 2893 2 0
16:23:36 1835 1188 2897 2 0
16:23:37 1831 1188 2897 2 0
16:23:38 1839 1188 2901 2 0
16:23:39 1835 1195 2901 2 0
16:23:40 1839 1184 2897 2 0
16:23:41 1835 1184 2893 2 0
16:23:42 1846 1199 2897 2 0
16:23:43 1831 1192 2897 2 0
16:23:44 1831 1192 2901 2 0
16:23:45 1835 1192 2897 2 0
16:23:46 1839 1199 2904 2 0
16:23:47 1842 1188 2908 2 0
16:23:48 1831 1195 2904 2 0
16:23:49 1835 1195 2897 2 0
16:23:50 1835 1192 2904 2 0
16:23:51 1835 1192 2901 2 0
16:23:52 1835 1195 2908 2 0
16:23:53 1831 1199 2908 2 0
16:23:54 1835 1203 2908 2 0
16:23:55 1831 1195 2908 2 0
16:23:56 1839 1199 2908 2 0
16:23:57 1839 1199 2908 2 0
16:23:58 1835 1203 2908 2 0
16:23:59 1835 1195 2908 2 0
16:24:00 1839 1199 2908 2 0
16:24:01 1835 1199 2908 2 0
16:24:02 1839 1199 2908 2 0
16:24:03 1831 1192 2908 2 0
16:24:04 1839 1203 2908 2 0
16:24:05 1839 1192 2908 2 0
16:24:06 1839 1195 2908 2 0
16:24:07 1831 1195 2908 2 0
16:24:08 1842 1199 2908 2 0
16:24:09 1835 1195 2908 2 0
16:24:10 1839 1192 2908 2 0
16:24:11 1831 1203 2908 2 0
16:24:12 1839 1195 2908 2 0
16:24:13 1835 1199 2908 2 0
16:24:14 1835 1199 2908 2 0
16:24:15 1835 1195 2908 2 0
16:24:16 1831 1203 2908 2 0
16:24:17 1835 1195 2908 2 0
16:24:18 1835 1195 2912 2 0
16:24:19 1831 1203 2908 2 0
16:24:20 1839 1199 2912 2 0
16:24:21 1831 1203 2908 2 0
16:24:22 1842 1199 2908 2 0
16:24:23 1842 1203 2908 2 0
16:24:24 1835 1203 2908 2 0
16:24:25 1835 1203 2915 2 0
16:24:26 1835 1199 2908 2 0
16:24:27 1835 1203 2919 2 0
16:24:28 1831 1203 2919 2 0
16:24:29 1831 1203 2915 2 0
16:24:30 1831 1203 2923 2 0
16:24:31 1835 1203 2912 2 0
16:24:32 1835 1203 2923 2 0
16:24:33 1839 1203 2927 2 0
16:24:34 1835 1203 2927 2 0
16:24:35 1839 1203 2919 2 0
16:24:36 1839 1203 2915 2 0
16:24:37 1835 1203 2919 2 0
16:24:38 1835 1203 2930 2 0
16:24:39 1835 1203 2930 2 0
16:24:40 1835 1203 2934 2 0
16:24:41 1846 1203 2919 2 0
16:24:42 1835 1203 2930 2 0
16:24:43 1842 1207 2934 2 0
16:24:44 1835 1203 2930 2 0
16:24:45 1835 1210 2930 2 0
16:24:46 1839 1203 2934 2 0
16:24:47 1831 1207 2938 2 0
16:24:48 1846 1203 2938 2 0
16:24:49 1835 1203 2938 2 0
16:24:50 1835 1203 2938 2 0
16:24:51 1831 1210 2938 2 0
16:24:52 1839 1203 2934 2 0
16:24:53 1839 1203 2930 2 0
16:24:54 1831 1203 2938 2 0
16:24:55 1831 1207 2938 2 0
16:24:56 1835 1207 2934 2 0
16:24:57 1831 1207 2938 2 0
16:24:58 1831 1207 2938 2 0
16:24:59 1831 1207 2934 2 0
16:25:00 1831 1207 2938 2 0
16:25:01 1831 1207 2938 2 0
16:25:02 1831 1203 2938 2 0
16:25:03 1839 1207 2938 2 0
16:25:04 1831 1210 2942 2 0
16:25:05 1839 1203 2938 2 0
16:25:06 1831 1207 2938 2 0
16:25:07 1835 1207 2938 2 0
16:25:08 1835 1218 2938 2 0
16:25:09 1835 1214 2938 2 0
16:25:10 1831 1210 2938 2 0
16:25:11 1835 1210 2938 2 0
16:25:12 1831 1210 2942 2 0
16:25:13 1835 1218 2938 2 0
16:25:14 1835 1207 2938 2 0
16:25:15 1831 1207 2938 2 0
16:25:16 1835 1210 2938 2 0
16:25:17 1835 1210 2938 2 0
16:25:18 1831 1207 2938 2 0
16:25:19 1835 1203 2938 2 0
16:25:20 1831 1203 2938 2 0
16:25:21 1831 1210 2934 2 0
16:25:22 1831 1207 2938 2 0
16:25:23 1839 1207 2938 2 0
16:25:24 1831 1203 2938 2 0
16:25:25 1839 1210 2942 2 0
16:25: